10.000000  0.035001  0.016608  0.016679  0.032211  1.196885  414.574982  0.004611  177.825424  9.398437
3.262843  10.000000  1.636430  0.163984  0.015011  2.154162  10485.935547  0.075973  388.560089  63.431084
0.777953  0.822274  10.000000  0.210394  0.207525  5.118781  1089.277832  0.463248  6129.203125  60.537304
1.320480  0.139268  0.355605  10.000000  0.521800  14.110017  1336.939697  0.120230  7609.617188  480.557251
0.881442  0.004406  0.121234  0.180353  10.000000  2.685410  2503.172363  0.024617  824.394653  24.150017
0.295504  0.005705  0.026980  0.044002  0.024229  10.000000  197.296555  0.001927  160.823074  6.085243  1.014596
0.000004  0.000001  0.000000  0.000000  0.000001  0.000008  10.000000  0.000002  0.036515  0.000240  0.000180
0.578991  0.102337  1.241853  0.190694  0.112965  0.980159  22976.117188  10.000000  10571.914062  103.407204
0.000010  0.000000  0.000008  0.000006  0.000002  0.000038  0.225336  0.000005  10.000000  0.000492  0.001400
0.002781  0.000201  0.000382  0.001796  0.000261  0.007294  7.474714  0.000244  2.482708  10.000000  0.000238
0.015075  0.000482  0.000138  0.000408  0.001505  0.002591  11.922463  0.000472  15.050892  0.000507  10.000000