10.000000  129.754944  0.551293  0.023454  0.117958  0.214554  25.840952  11.525950  0.023007  0.070014  37.909939  0.012417
0.002284  10.000000  0.002091  0.000204  0.003922  0.000329  0.057199  0.160718  0.000034  0.000662  0.359091  0.000005
0.071266  15.359672  10.000000  0.017898  0.009447  0.056072  14.805187  55.512497  0.001136  0.059456  755.213074  0.001344
0.733170  362.134552  4.328108  10.000000  4.412636  0.473804  0.072569  137.109207  0.044959  0.086843  10.000000  0.382671
3.384404  2.637513  0.009218  0.365789  76.056175  0.005835  0.119760  10.449008  0.242113  0.008460  0.347197  10.000000
73.854012  2.909694  0.226961  0.025184  266.031799  0.055653  0.002879  0.362152  0.012762  0.000185  0.000613  0.014744
10.000000  0.083121  0.000597  0.001963  5.586724  0.000161  0.001375  1.089015  0.051211  0.000608  0.000511  0.000622
0.088956  10.000000  0.000127  0.000594  0.236180  0.000162  1.047065  87.974609  0.399974  0.247732  0.681886  18.505398
243.768631  48.522209  10.000000  0.173710  2867.564  0.000069  0.199074  106.947548  1.307763  0.056642  1.690587  0.128285
50.093407  14.162638  0.010853  10.000000  1197.50  0.000069  0.000005  0.002935  0.000840  0.000010  0.000018  0.000069
0.007213  0.000285  0.000009  0.000061  10.000000  0.000011  5.815961  121.042862  4.870870  0.238534  4.442786  46.701305
677.451538  635.455  4.396028  2.948176  35425.6952  0.000011 14.627970  210.593063  1.365075  1.586957  3.690819  5.174901  
10.000000  10.000000  10.000000  10.000000  10.000000  10.000000  10.000000  10.000000  10.000000  10.000000  10.000000  10.000000