0.264909  0.715626  0.064996  0.932388  0.665236  0.684803  0.209453  0.756468  0.374514  0.215735  0.264707  0.527288  0.908963  0.199230  0.585607  0.276471  0.801954  0.971358  0.698842
0.199408  0.797345  0.008975  0.798892  0.808763  0.861282  0.809664  0.750256  0.313853  0.186192  0.964087  0.822920  0.072269  0.693705  0.894507  0.799148  0.629021  0.282524  0.855350
0.407075  0.683680  0.212741  0.569977  0.260215  0.307464  0.569862  0.312418  0.611862  0.869880  0.709840  0.333632  0.269522  0.428504  0.950617  0.278920  0.956869  0.785651  0.546244
0.646475  0.259376  0.022162  0.156364  0.396558  0.044625  0.081199  0.606869  0.536687  0.909478  0.893914  0.726790  0.880231  0.773616  0.614027  0.442002  0.204155  0.212641  0.759814
0.108070  0.716228  0.503773  0.449688  0.272570  0.082822  0.643349  0.461508  0.671487  0.265497  0.787677  0.545947  0.284790  0.067897  0.667447  0.280680  0.703049  0.604045  0.530796
0.764887  0.889959  0.864949  0.081230  0.622449  0.664902  0.182492  0.694009  0.107487  0.875180  0.667924  0.918227  0.587259  0.279311  0.636802  0.901708  0.315203  0.620795  0.623103
0.911951  0.200788  0.235994  0.832234  0.568772  0.233089  0.810313  0.786053  0.752899  0.321408  0.573586  0.472538  0.409666  0.578979  0.308612  0.528578  0.628086  0.494729  0.036025
0.856432  0.442972  0.013273  0.134196  0.602721  0.781389  0.274754  0.954625  0.613383  0.854625  0.653847  0.701286  0.318843  0.082988  0.781181  0.456635  0.500732  0.333125  0.430629
0.757532  0.544794  0.846182  0.512380  0.051044  0.594190  0.740026  0.924361  0.693125  0.483244  0.379860  0.683580  0.892442  0.453735  0.228963  0.584091  0.147083  0.434156  0.014910
0.609793  0.273687  0.096944  0.176512  0.467911  0.086505  0.999484  0.592852  0.903005  0.148183  0.861794  0.538163  0.901491  0.784562  0.437081  0.654963  0.503175  0.732534  0.490953
0.492676  0.698918  0.373019  0.120885  0.820193  0.812562  0.490373  0.019604  0.488116  0.840396  0.895055  0.314387  0.090138  0.452916  0.048126  0.298824  0.052840  0.751312  0.034174
0.714430  0.069357  0.415064  0.843510  0.236558  0.984717  0.577225  0.944982  0.472366  0.339318  0.620424  0.557534  0.088211  0.781867  0.099289  0.861610  0.649590  0.474250  0.163977
0.630796  0.378895  0.428194  0.184650  0.409576  0.314505  0.437180  0.758221  0.414847  0.289358  0.897001  0.916351  0.796848  0.737927  0.344441  0.147658  0.759405  0.587628  0.985964
0.797271  0.309908  0.393977  0.836934  0.513318  0.086205  0.438409  0.346745  0.672627  0.790581  0.723482  0.546414  0.136873  0.250267  0.672248  0.822527  0.265581  0.019431  0.866920
0.395097  0.843868  0.739350  0.346512  0.456759  0.470473  0.181482  0.823943  0.716857  0.995590  0.012396  0.680212  0.786378  0.798210  0.840063  0.746499  0.438297  0.049112  0.027718
0.694692  0.282801  0.618356  0.094552  0.322598  0.807981  0.955058  0.261740  0.142218  0.053964  0.092441  0.847797  0.457742  0.412102  0.912589  0.769053  0.554515  0.170691  0.943021
0.359001  0.711058  0.464868  0.251171  0.084569  0.493251  0.230668  0.453026  0.507847  0.193161  0.611892  0.458640  0.018566  0.334531  0.023312  0.339930  0.445650  0.882776  0.734856
0.625102  0.645389  0.169414  0.408816  0.399262  0.559315  0.569159  0.495751  0.822192  0.036608  0.652492  0.774637  0.061997  0.923875  0.877338  0.608946  0.187233  0.539390  0.880550
0.682729  0.260364  0.669405  0.083212  0.079397  0.731817  0.650891  0.633361  0.570789  0.246589  0.938078  0.675536  0.895250  0.144349  0.789426  0.558626  0.620798  0.259114  0.357155
0.871830  0.913141  0.106076  0.513225  0.133096  0.158139  0.180820  0.203686  0.545226  0.924463  0.890133  0.987524  0.481916  0.194587  0.583787  0.686703  0.269309  0.140878  0.263147