0.661815  0.257898  0.907750  0.292677  0.666890  0.742827  0.465464  0.234335  0.553998  0.709585  0.212256  0.049224  0.527062  0.911377  0.141772  0.477228
0.678621  0.381683  0.112959  0.885819  0.758214  0.623731  0.707232  0.042771  0.402353  0.919012  0.384449  0.237877  0.439265  0.905418  0.135372  0.523832
0.777105  0.103834  0.801904  0.577895  0.686096  0.256640  0.116268  0.573664  0.993058  0.182366  0.296469  0.496189  0.821043  0.347830  0.727694  0.533912
0.027315  0.512396  0.858008  0.537306  0.419648  0.608584  0.941543  0.046818  0.163949  0.489040  0.673514  0.061655  0.535447  0.292002  0.078801  0.546146
0.311222  0.955666  0.239453  0.651860  0.653578  0.846455  0.576338  0.771359  0.291786  0.557016  0.436336  0.833398  0.173999  0.676818  0.678816  0.699593
0.531604  0.741565  0.803786  0.129026  0.475081  0.627205  0.918992  0.539928  0.823411  0.370131  0.504380  0.716553  0.858366  0.767230  0.499682  0.684532
0.090474  0.137792  0.714572  0.209463  0.925277  0.313819  0.940687  0.761159  0.326436  0.266117  0.430939  0.329944  0.186550  0.770626  0.603954  0.181578
0.137035  0.172757  0.930071  0.493834  0.955174  0.617063  0.960251  0.830435  0.559464  0.075427  0.370353  0.577034  0.823624  0.128978  0.710634  0.789084
0.085166  0.737296  0.273945  0.382901  0.276160  0.163027  0.126005  0.238932  0.061842  0.810841  0.877229  0.580164  0.236985  0.986759  0.218019  0.938815
0.900442  0.487168  0.588002  0.130897  0.605029  0.486438  0.604637  0.920936  0.762944  0.407854  0.037704  0.478063  0.076151  0.334659  0.183598  0.299913
0.656678  0.046330  0.466962  0.012185  0.803539  0.949757  0.977101  0.339444  0.110988  0.015839  0.432724  0.586650  0.697081  0.329069  0.760966  0.171140
0.862016  0.011000  0.075267  0.101196  0.412500  0.088060  0.341561  0.810050  0.221378  0.340004  0.433369  0.423109  0.331027  0.287353  0.593780  0.361401
0.054529  0.254492  0.545911  0.165647  0.080392  0.879696  0.623350  0.563106  0.544583  0.534117  0.328202  0.093251  0.397922  0.858895  0.666740  0.058547
0.167373  0.032845  0.461305  0.173041  0.386518  0.442735  0.591972  0.044174  0.553546  0.144019  0.782645  0.542155  0.464297  0.871938  0.113600  0.186462
0.163451  0.391216  0.916176  0.910448  0.558684  0.657180  0.085135  0.952742  0.950624  0.601921  0.130398  0.168087  0.345724  0.356191  0.482218  0.750435
0.439628  0.371071  0.662494  0.217571  0.585411  0.212983  0.939802  0.519243  0.894057  0.771472  0.996878  0.299708  0.853799  0.241227  0.956631  0.670800
0.500459  0.518147  0.836431  0.333085  0.222685  0.583821  0.130296  0.520337  0.743973  0.043621  0.754699  0.036553  0.687650  0.230660  0.036159  0.604874