5.431770  1.505948  0.883015  1.273921  1.126970  3.619173  1.064991  2.620623  1.258571  7.919920  1.334860  5.553213  3.137086  6.679635  6.367397  2.353572  2.673644
1.174475  2.123262  4.282380  5.763145  1.288583  6.085922  2.502999  5.936798  5.031839  5.552767  1.385283  6.504021  6.193989  7.407394  5.149506  6.130222  6.646164
1.151633  1.724687  0.773578  1.339815  0.577453  1.859640  2.130446  6.842189  6.310414  0.939142  1.215649  2.286518  1.557940  7.621664  3.430402  0.904154  4.747212
3.329199  0.447237  2.844945  3.339067  3.783759  0.467829  7.781226  2.955835  0.199178  3.886193  4.829840  5.062624  7.400936  6.116284  3.615672  2.793112  3.060763
5.319608  3.839253  2.112473  6.396867  5.994984  1.500040  2.361627  4.104655  3.869189  1.966052  6.328573  5.946927  1.253767  1.369588  3.344102  2.346547  3.009848
0.347836  7.500793  1.488666  1.489383  7.936228  4.945701  3.853663  6.297769  6.461466  5.298764  7.765975  3.449394  4.570210  6.600483  2.458117  2.464197  5.068471
2.794004  3.313195  1.179912  5.035821  3.598280  5.363329  6.531196  3.717598  6.730593  3.785416  3.273446  2.987334  1.788216  2.049771  1.605635  1.710722  1.700623
7.541218  2.873086  1.131457  7.515156  0.886268  4.007644  5.438402  3.380686  6.884103  0.089291  7.962544  6.945298  3.853119  4.389790  6.991303  1.985651  4.368869
2.485522  3.976801  6.937189  7.783289  3.503233  4.953757  1.095967  7.579174  3.288976  1.271758  3.614390  2.527909  3.267095  4.285693  7.014762  1.782545  2.982660
2.437226  2.796060  2.452351  7.797313  6.199205  1.810968  5.869070  5.935075  2.644029  2.441694  5.669112  3.051200  0.935992  7.204738  6.980046  5.723733  4.836728
1.266272  1.413769  5.743995  2.351933  4.451395  3.232802  6.808785  3.936595  3.682076  3.970248  2.193625  5.215035  5.380165  1.947973  4.212987  1.961108  1.223404
5.551664  7.749939  4.123013  3.743947  6.785466  4.864270  5.966175  0.610452  6.542969  7.464672  6.946752  2.036367  5.195363  0.257153  2.717391  2.608609  3.511674
4.658379  1.705890  6.932372  1.590016  2.089257  1.996519  5.839404  1.392887  6.040584  5.782784  0.508599  7.643588  6.529167  2.449502  7.699371  6.254908  6.039414
0.381111  0.399790  7.125277  2.771886  7.882206  0.543066  5.051656  2.996947  3.135336  4.047484  2.672493  7.538143  7.910187  3.286503  4.768147  1.886537  5.777320
6.197250  5.910214  5.173797  6.868696  2.587244  5.365300  0.208357  1.766297  0.800703  2.322793  3.005587  2.889193  7.757401  6.930303  3.719421  2.788488  0.478552
4.284451  5.609483  5.048623  1.565799  1.438796  0.654321  1.032593  4.700937  3.654713  1.647878  2.497683  3.085546  5.535124  1.092948  4.147403  1.841303  5.345036
2.931885  1.474351  4.743269  0.736901  2.131419  7.787806  4.260052  5.262879  1.364978  0.108917  3.726254  1.470146  5.512496  4.655405  5.574238  2.039460  7.424233