0.434327  0.209779  0.585011  0.741553  0.748174  0.908810  0.151626  0.282729  0.649337  0.266767  0.290097  0.183271  0.907684
0.891120  0.900181  0.215271  0.175591  0.780772  0.989673  0.310163  0.165122  0.459598  0.987286  0.309224  0.151813  0.489015
0.178706  0.992340  0.092797  0.213981  0.243517  0.933312  0.440972  0.461099  0.117775  0.172314  0.687107  0.177961  0.310280
0.044775  0.768211  0.679693  0.360235  0.760829  0.743201  0.251603  0.339739  0.490617  0.555858  0.346136  0.176663  0.778101
0.280221  0.507829  0.101786  0.079677  0.975055  0.461728  0.708605  0.103779  0.161692  0.508719  0.955085  0.413780  0.983521
0.485505  0.933674  0.448873  0.305557  0.067449  0.389219  0.716277  0.369006  0.119273  0.774010  0.412961  0.128415  0.131614
0.094978  0.146235  0.067940  0.520675  0.930152  0.739936  0.118478  0.713742  0.769814  0.336561  0.278829  0.495084  0.272333
0.135587  0.681780  0.044756  0.115499  0.144358  0.139916  0.467096  0.871252  0.260285  0.656179  0.376197  0.735005  0.851765
0.990645  0.282412  3.350276  0.760064  0.137662  0.106950  0.885655  0.305596  0.486458  0.140870  0.691522  0.449369  0.513517
0.160296  0.295568  0.734025  0.086459  0.211442  0.676626  0.008768  0.846869  0.787031  0.500420  0.228631  0.683461  0.729943
0.796265  0.810885  0.007134  0.220468  0.407566  0.130054  0.395976  0.630254  0.208427  0.737860  0.190910  0.859080  0.044555
0.805572  0.791652  0.009836  0.978684  0.103603  0.727849  0.902576  0.699054  0.556851  0.061696  0.980313  0.884094  0.044125
0.316026  0.617185  0.907224  0.646180  0.915830  0.703907  0.512809  0.989229  0.081344  0.655936  0.997582  0.679442  0.217284
0.666504  0.991444  0.078845  0.105515  0.109714  0.147370  0.834127  0.627381  0.488139  0.922205  0.637286  0.317123  0.214864