0.531388  0.028632  0.741155  0.914425  0.647295  0.668031  0.671439  0.968063  0.377518  0.209518  0.224555  0.174415  0.461545  0.578419  0.510116
0.290382  0.132026  0.352247  0.526187  0.900157  0.631542  0.911948  0.668593  0.667467  0.877580  0.520827  0.502391  0.239933  0.026330  0.789066
0.142331  0.113573  0.792404  0.658509  0.148706  0.020321  0.644251  0.125404  0.060826  0.562618  0.414002  0.408027  0.562395  0.886467  0.435656
0.161651  0.801413  0.158013  0.056993  0.645050  0.571786  0.488559  0.258250  0.450765  0.904646  0.739099  0.154595  0.525596  0.114451  0.327789
0.359589  0.728298  0.498280  0.762454  0.543280  0.098219  0.696254  0.125075  0.031284  0.341627  0.186901  0.146356  0.960139  0.781723  0.513304
0.825838  0.329411  0.163858  0.614209  0.776684  0.272488  0.259206  0.068844  0.604101  0.005686  0.168195  0.155014  0.662545  0.209238  0.589198
0.367104  0.479202  0.043925  0.088553  0.443958  0.979889  0.613574  0.584690  0.016148  0.408395  0.446315  0.842190  0.697995  0.491417  0.486460
0.760822  0.821749  0.968628  0.164042  0.640150  0.039672  0.081048  0.340513  0.402021  0.704330  0.990770  0.316789  0.961289  0.278230  0.391228
0.633766  0.549360  0.020987  0.759573  0.095650  0.815668  0.855562  0.801366  0.302861  0.958934  0.624637  0.642657  0.993988  0.973097  0.914059
0.235682  0.665204  0.332017  0.242319  0.261778  0.260759  0.082610  0.693374  0.538731  0.209597  0.367794  0.004680  0.569694  0.720848  0.858648
0.713133  0.406910  0.044902  0.439446  0.208673  0.445874  0.356935  0.759736  0.448634  0.114203  0.026248  0.944368  0.645503  0.674354  0.297429
0.835437  0.456547  0.520470  0.828327  0.629296  0.075857  0.417022  0.105006  0.667358  0.157673  0.100537  0.485298  0.441138  0.684430  0.545593
0.510267  0.579991  0.733761  0.982389  0.166839  0.704277  0.595804  0.445584  0.985062  0.547175  0.845442  0.232736  0.209875  0.675133  0.783693
0.155541  0.800006  0.469956  0.128297  0.878231  0.675513  0.774767  0.955589  0.954825  0.460719  0.751627  0.674094  0.400635  0.950717  0.050303
0.244845  0.763218  0.667315  0.345730  0.954223  0.694193  0.164251  0.665950  0.792227  0.965644  0.191683  0.702798  0.892364  0.723517  0.436426
0.474415  0.548951  0.525279  0.317082  0.291622  0.043414  0.370243  0.232175  0.969475  0.883261  0.498337  0.734582  0.620829  0.085714  0.206759