0.158469  0.670651  0.779232  0.821678  0.361848  0.068705  0.890333  0.893138  0.409890  0.515278  0.750075  0.140466  0.924458  0.787042
0.545751  0.549757  0.693864  0.652904  0.851793  0.465748  0.340114  0.043730  0.397978  0.805373  0.892582  0.818014  0.009141  0.334621
0.051448  0.766456  0.244385  0.087707  0.702586  0.722062  0.245204  0.559307  0.680142  0.772247  0.439651  0.258657  0.863876  0.605581
0.043632  0.578529  0.445395  0.968164  0.750573  0.702639  0.600741  0.053287  0.607180  0.451774  0.866371  0.402890  0.835705  0.551960
0.231349  0.560470  0.282064  0.797216  0.330697  0.282490  0.244341  0.974990  0.153133  0.588941  0.667702  0.224084  0.360998  0.313624
0.079372  0.702924  0.661010  0.100830  0.181334  0.060261  0.661541  0.987493  0.718563  0.220911  0.305440  0.808508  0.097076  0.425891
0.276985  0.667808  0.238766  0.299331  0.747385  0.628911  0.328929  0.953773  0.445297  0.596044  0.437607  0.791005  0.317182  0.080560
0.477279  0.707323  0.976843  0.177288  0.597178  0.870110  0.734364  0.611541  0.908410  0.096900  0.241696  0.159932  0.384267  0.138595
0.695468  0.096744  0.886581  0.845249  0.097197  0.572519  0.531646  0.275865  0.286845  0.992629  0.028174  0.302874  0.337784  0.531004
0.194972  0.157522  0.429523  0.887804  0.597457  0.664092  0.499137  0.279720  0.129803  0.618943  0.813144  0.437703  0.413503  0.884579
0.098664  0.079333  0.083282  0.289476  0.025998  0.921634  0.387768  0.351162  0.644348  0.805059  0.045012  0.173031  0.838204  0.910483
0.961894  0.604657  0.994014  0.368425  0.251656  0.900858  0.845056  0.783362  0.965236  0.666529  0.897015  0.325870  0.089783  0.832279
0.927568  0.081473  0.661668  0.770145  0.800390  0.287444  0.291512  0.429172  0.237250  0.937468  0.005190  0.547423  0.251518  0.988905
0.067464  0.579964  0.662146  0.068599  0.373860  0.971636  0.479303  0.140483  0.071563  0.798949  0.981168  0.071925  0.301600  0.607166
0.985908  0.415606  0.342221  0.476673  0.163753  0.009868  0.977389  0.966982  0.231091  0.192853  0.614430  0.607203  0.521873  0.524386