0.502962  0.386481  0.762575  0.611303  0.687167  0.808704  0.849199  0.598058  0.168832  0.611335  0.837976
0.192346  0.083725  0.283987  0.928274  0.644391  0.946075  0.933474  0.598823  0.438446  0.870031  0.405896
0.401754  0.342752  0.137982  0.790446  0.036801  0.095929  0.864418  0.557766  0.519298  0.051478  0.047981
0.199964  0.252663  0.294482  0.004515  0.259882  0.469401  0.843192  0.030407  0.063982  0.814204  0.553083
0.158177  0.306225  0.808566  0.252106  0.035229  0.869556  0.558392  0.453230  0.281891  0.917149  0.344397
0.714003  0.166268  0.337281  0.669680  0.342754  0.071190  0.083767  0.929641  0.687187  0.022432  0.818076
0.116534  0.683483  0.497596  0.529834  0.874208  0.692693  0.841508  0.489104  0.778209  0.906054  0.876636
0.966900  0.932208  0.762017  0.716031  0.649609  0.843799  0.885144  0.361449  0.568522  0.071030  0.030670
0.400768  0.667442  0.315602  0.398409  0.006531  0.839307  0.479492  0.465817  0.481348  0.377074  0.698819
0.182400  0.796135  0.304578  0.522102  0.966298  0.923569  0.979857  0.209629  0.448754  0.281865  0.696437
0.596455  0.323303  0.272909  0.747330  0.083666  0.973922  0.723988  0.562006  0.100796  0.779981  0.023783
0.078348  0.816930  0.125741  0.881013  0.469634  0.968783  0.178281  0.928057  0.710807  0.421159  0.440098