4.926768  5.903750  1.341233  0.371711  2.940031  7.269542  5.947463  7.835412  2.955173  2.418680  6.051903  1.755472  5.068372  7.810784  2.414926  2.098148  5.340333  1.106019
3.363602  5.567394  3.665988  1.407218  5.541577  7.517480  0.380921  4.894070  2.517376  2.599093  5.638955  3.588870  3.023862  4.397981  7.884383  7.344914  5.515590  4.301714
1.281384  2.750146  3.894911  3.056735  4.752247  5.490260  6.671704  2.954420  5.315070  2.816995  2.485695  0.311415  5.700673  0.118959  6.834379  6.886119  2.767523  4.193837
2.013629  3.099702  1.022526  3.672431  6.692135  5.406643  2.594625  4.146542  3.204863  2.886308  7.297180  5.904244  1.564834  0.103672  3.954169  3.777687  1.356513  2.513844
0.954348  1.460112  2.088231  1.161612  2.036518  2.750344  5.245086  7.153787  2.598149  1.534548  3.197832  1.358707  2.358656  4.916665  5.287349  5.013789  5.997690  1.760428
1.818328  6.398620  6.427860  4.007492  4.359882  5.457596  7.650394  0.487718  5.664841  2.232736  5.681251  0.539256  2.683577  4.193798  2.824339  3.607605  1.562236  6.029438
6.607475  7.094409  6.179333  3.189691  7.985846  2.078296  5.688751  5.446609  7.956764  1.131646  1.701181  6.966482  3.518571  6.308720  0.150193  0.863599  4.945625  2.482156
4.553109  6.932087  4.640352  7.556395  2.290953  7.228923  1.362408  6.688163  5.695828  7.407781  6.424066  2.495703  3.148078  2.179927  4.480003  3.340001  0.049726  5.004950
6.828724  3.112827  1.454673  1.090677  3.681914  6.567970  7.300266  3.008178  1.647089  4.083594  1.598857  1.704324  7.707966  2.845233  6.612072  0.420947  7.276035  1.790481
5.944546  7.006184  1.425888  3.257998  4.657963  1.330172  1.215912  1.135036  1.920292  0.993802  5.035024  5.399227  2.369170  4.245840  0.205172  4.301947  2.282450  2.000227
4.608426  0.042140  3.813002  5.071997  1.896488  1.631034  6.958899  0.226767  4.879574  7.749753  4.604198  1.365330  5.980635  2.753394  4.879588  4.141465  1.179975  4.576691
3.256222  3.537597  4.664373  4.147956  0.200146  6.399549  5.433889  6.019549  0.878753  4.658156  2.408581  7.274699  1.324810  1.942098  7.116440  4.372033  4.627611  6.512842
6.832900  3.440780  1.134915  0.929190  0.081349  0.641130  4.313374  1.575439  6.693126  3.555821  2.829204  5.163767  0.164551  6.180578  5.574946  4.548001  2.837607  0.932603
3.782204  6.662474  4.469936  3.197853  5.024304  5.126275  0.048895  5.289430  3.826917  5.029719  5.243472  7.290958  2.768693  3.646462  5.676905  0.110389  2.368080  2.291211
5.241960  1.171233  5.716512  5.269586  2.969820  5.519783  6.732239  7.843211  7.502660  6.728461  1.073140  2.359703  5.009007  6.826969  4.160890  0.173770  2.420054  4.594505
1.432956  0.712213  1.154185  6.897853  3.852935  2.012171  1.035981  4.361725  0.873797  3.288513  1.905096  6.509299  1.462709  3.562862  5.449406  2.612442  3.460108  3.113260
6.085931  6.842701  0.459819  6.480101  1.252067  7.915674  7.561035  6.990463  4.258756  2.272956  2.757051  7.239575  2.896247  1.947416  7.389711  1.694693  6.272200  5.609108
3.012591  4.563244  0.900930  3.890706  3.169979  0.293625  2.851640  5.942893  7.012820  5.553655  5.802585  7.271716  5.336808  4.258185  5.137139  1.261451  0.541913  7.193984