0.842040  0.238842  0.478486  0.931276  0.262382  0.138755  0.025708  0.610996  0.546436  0.869797  0.292640  0.309284
0.323840  0.535672  0.407942  0.007294  0.885358  0.098082  0.937202  0.778042  0.673471  0.734687  0.284201  0.079392
0.529650  0.750566  0.175219  0.377231  0.897185  0.066530  0.443347  0.269156  0.878661  0.328131  0.983066  0.377618
0.903601  0.105989  0.054937  0.286360  0.774491  0.491049  0.086061  0.705118  0.028351  0.627652  0.734043  0.864927
0.876223  0.372795  0.260503  0.870030  0.464362  0.321733  0.194766  0.362237  0.838650  0.898067  0.859161  0.389750
0.787665  0.070733  0.574455  0.814814  0.690046  0.530798  0.267239  0.943234  0.598255  0.837747  0.760681  0.313633
0.053496  0.127943  0.245859  0.745490  0.545533  0.467183  0.302980  0.812370  0.106329  0.824826  0.370081  0.880387
0.257857  0.948670  0.741414  0.731837  0.422177  0.127814  0.018505  0.580052  0.945745  0.944953  0.433968  0.973918
0.090201  0.640115  0.621471  0.689149  0.698251  0.634539  0.214815  0.208256  0.756002  0.096476  0.124907  0.802314
0.742046  0.169886  0.465495  0.545002  0.478756  0.632557  0.876832  0.813020  0.182746  0.301911  0.431013  0.956878
0.549108  0.464767  0.393567  0.862173  0.997999  0.971602  0.862916  0.063867  0.662347  0.406345  0.712682  0.924701
0.301881  0.919511  0.321357  0.143773  0.091401  0.895466  0.289689  0.522424  0.150125  0.613914  0.718193  0.481976
0.754179  0.461147  0.645544  0.301493  0.405705  0.048416  0.933139  0.423620  0.319789  0.802743  0.221970  0.462670