0.969711  0.974681  0.715122  0.833643  0.767482  0.867086  0.247658  0.256390  0.651246  0.191709
0.068504  0.078363  0.222904  0.069460  0.375359  0.842856  0.360166  0.129456  0.400604  0.224771
0.300216  0.425303  0.726589  0.202320  0.657478  0.713025  0.407034  0.535762  0.708637  0.963111
0.019219  0.783571  0.900139  0.796543  0.096814  0.731897  0.811734  0.258261  0.874653  0.164981
0.744176  0.971461  0.914465  0.362162  0.690015  0.252202  0.974492  0.571401  0.693516  0.206213
0.436138  0.979714  0.509005  0.178408  0.707253  0.377708  0.026570  0.180519  0.284301  0.798401
0.149835  0.083352  0.574670  0.899747  0.682586  0.427610  0.155531  0.755843  0.309380  0.680797
0.877109  0.023487  0.939816  0.647656  0.105941  0.158843  0.526961  0.527683  0.447624  0.473140
0.967526  0.805677  0.488752  0.336919  0.844662  0.759885  0.454196  0.769045  0.583869  0.877223
0.188572  0.979732  0.058278  0.876135  0.539676  0.176091  0.801673  0.355101  0.046889  0.084199
0.765937  0.308371  0.818963  0.193463  0.994149  0.880430  0.623325  0.687061  0.671417  0.766818