3.931919  3.963610  4.312722  5.688464  5.844524  6.151359  2.620971  6.463255  3.103906  2.830424  2.576574  2.208562  2.572871  6.847148  2.602922  6.341648  3.981082  0.330280  1.218524  6.634404  0.370806  2.110908  2.657397  7.050624  5.946941  7.532564  6.305477  3.268995  4.336433
3.314839  5.727695  5.355903  7.113793  1.547893  3.536958  7.091227  6.550956  5.559315  2.082806  2.739365  1.901289  0.308857  0.914093  0.596792  3.129142  3.130618  4.196601  6.436496  1.847866  5.056319  2.743064  5.008738  2.330806  6.617377  6.039617  6.046600  5.811342  0.937542
3.629291  2.763891  2.889584  1.091937  0.439688  7.622005  7.714932  0.122374  5.118578  6.181415  3.715241  2.762926  6.167681  1.142533  3.994909  1.843751  3.641495  1.219744  4.125765  5.505260  2.404572  3.281463  4.906193  1.768771  4.417216  1.228149  3.765500  2.673845  6.246125
7.369257  7.842087  1.106582  5.973094  7.599178  5.365554  7.607209  2.901414  2.461281  4.824425  7.859332  5.936203  4.228228  1.502751  6.227338  0.241447  1.415794  2.320390  0.622439  0.753099  2.686500  0.513367  1.141948  1.354137  3.888421  1.542227  3.340433  1.994063  5.013574
4.717899  4.655447  2.761866  6.149400  1.386129  5.424604  5.898054  1.035868  0.113115  0.094837  7.957901  3.629819  0.166525  7.638720  6.814647  7.117229  2.687653  4.856816  7.917911  6.103114  6.302034  4.159069  3.199188  3.247895  0.517386  2.582314  2.242820  7.408064  6.109323
1.215055  2.817419  3.378092  0.796840  1.864716  0.589273  5.619551  6.861133  6.716620  3.815831  7.902511  0.962886  0.898043  2.043934  3.573314  3.264707  7.274727  2.313988  5.201906  1.066971  7.471305  0.097896  1.650958  5.516882  7.021162  7.175068  7.148079  0.552132  1.715308
6.877429  4.731475  5.092093  4.633903  4.610890  1.478491  4.591051  3.008149  4.287327  3.215508  4.419535  2.974302  1.277646  1.946751  3.141387  4.445650  3.723108  2.028625  6.605734  3.742336  4.518624  3.155235  7.874649  4.282989  6.008307  5.509849  7.358780  5.556177  0.410135
0.976084  2.134852  5.753766  7.213115  4.091686  1.270468  1.862320  0.266933  1.466828  5.083209  2.672762  6.010621  2.677908  0.612606  1.082538  4.263336  7.186896  5.185106  2.228646  2.226900  4.625347  2.803721  5.403893  4.826339  3.821247  0.195615  2.372862  2.241192  3.235932
4.702438  6.618075  2.456936  4.017382  6.799792  3.210968  0.892442  2.665240  3.883760  3.416293  0.635923  7.341993  1.064007  5.802662  7.548424  4.153793  1.054511  6.546000  4.470420  1.263474  0.854561  1.776743  1.993721  7.487364  3.764193  0.235664  1.737364  2.066581  7.379842
7.167281  3.792802  7.592535  1.567496  6.293877  2.980229  0.605451  5.012258  3.877204  0.784440  0.173757  4.794724  7.289010  3.315215  7.801270  4.546212  6.175601  4.363737  4.298170  1.086378  7.215701  2.603164  4.790801  5.048362  7.634948  5.207991  7.834419  5.848151  6.054400
6.643442  4.632055  7.456408  5.914535  5.102659  7.651731  0.782582  2.630231  6.046049  2.473333  7.082678  0.796332  6.523678  6.485491  4.653622  6.177425  3.438203  1.091900  6.178733  6.879544  3.632365  6.375571  2.440353  7.015564  1.661638  4.708538  1.717273  4.340113  4.339188
0.583671  5.036133  2.743899  3.616885  3.984226  1.547565  1.161406  3.092614  7.895906  1.649379  2.359973  4.410770  1.105201  4.080667  6.242344  2.049315  3.216896  1.062283  4.708820  6.463385  5.862646  6.660677  2.789230  4.281972  0.361620  7.903670  5.668979  2.230782  7.633260
5.778275  5.397510  0.680923  0.951260  6.092276  2.481569  7.199643  2.166952  2.282796  6.229729  6.205909  5.319312  7.606684  5.628688  3.810165  2.087919  2.749090  1.695928  3.144173  3.334191  2.738169  6.667370  2.963426  2.015350  2.155418  5.042733  3.031146  1.044594  1.982706
4.425366  7.769470  7.210010  7.028629  0.257384  0.889992  5.053871  1.728381  1.964990  2.192362  4.652952  0.212877  2.692958  5.446245  0.529639  3.894472  0.721274  1.248471  5.462605  6.418120  1.821030  2.973793  0.754915  5.678436  4.220701  1.414221  1.556502  3.704655  3.518026
2.428462  0.126984  5.567050  5.786743  7.899568  1.463872  4.059939  7.291522  7.525446  0.510291  1.767973  0.638477  5.443449  0.195373  4.223946  3.852727  3.416837  2.849572  1.217960  0.788506  5.287450  4.076194  5.919304  0.441416  7.625499  1.949497  3.323993  1.146456  6.983953
1.448796  2.642475  3.309543  4.891544  0.327059  4.593561  7.234281  3.694999  4.151524  0.172211  0.769810  3.587650  3.042980  0.310364  4.919641  1.638132  6.679351  3.951557  0.215412  5.359483  5.418355  1.411667  2.573595  2.335453  7.933001  4.499626  6.517236  1.647463  3.542814
6.723570  6.058857  2.322161  2.462699  2.009417  7.204744  0.746128  3.480428  0.710433  4.954871  2.970808  2.112806  1.287921  7.836801  3.057345  7.079624  0.894717  2.425954  1.087526  6.973572  6.194750  2.968693  4.193622  2.293352  5.103477  3.138752  4.936481  6.546280  4.735567
2.121584  3.587763  3.915756  2.697779  3.635265  2.348801  6.028008  1.966537  0.160671  6.265123  0.641603  7.941258  7.567686  1.572218  2.622280  7.866071  7.488274  7.434714  2.354706  3.664106  2.201309  3.517691  6.781836  1.330108  1.458118  7.555400  7.551612  5.378703  2.591752
6.059249  5.289792  5.447169  6.417064  3.533450  0.806788  2.003172  7.842746  7.043306  5.085416  3.209461  7.780518  7.707677  4.185560  3.349085  3.850743  6.663700  2.740794  0.816259  7.547796  4.278441  0.511063  2.529581  4.942584  3.858700  6.494619  3.725822  2.663667  2.836731
4.391431  7.444148  0.812494  7.386247  7.749364  0.612098  5.632349  6.649606  6.913509  1.496312  5.164632  4.233651  0.938072  4.382461  4.790190  3.358235  1.909305  7.700485  4.467465  6.018028  0.667044  1.412735  3.643287  7.744775  7.701449  0.334228  7.226205  0.033697  7.040636
6.155755  0.676309  4.224356  0.233912  2.292167  4.179566  1.602802  0.074450  4.279705  5.038746  6.718412  3.494221  4.297825  3.827081  6.385415  6.103146  1.492505  1.514863  7.565602  1.133431  0.129615  5.693244  3.305350  1.089135  5.208467  4.183582  5.126590  7.190102  2.017234
7.734706  2.747959  1.738400  0.213499  4.174570  5.738914  3.824532  6.364732  2.296805  4.686143  1.329699  5.485090  2.926758  1.678206  7.969485  1.956473  5.025646  1.390842  1.163391  5.323327  4.355551  0.782012  2.803685  2.802277  3.142003  7.382243  6.536148  5.949201  1.334990
1.392454  7.954301  1.777949  7.483294  7.277965  2.147793  6.726445  1.901093  0.273994  4.334699  7.217492  2.719862  2.194463  3.846511  5.163164  6.582643  3.162545  7.523690  6.613210  0.151828  1.357906  5.618701  4.849489  2.265668  1.602180  1.592529  7.579982  7.492761  7.580778
2.729697  5.487527  7.997864  1.725682  7.285930  4.239947  4.046411  7.260450  1.921617  4.169840  2.139201  0.635207  0.463319  7.183838  3.682762  1.555979  3.574605  7.062709  2.264983  0.039274  6.706607  5.165245  2.019649  5.399373  6.737683  4.650439  3.227587  4.802374  4.000704
0.684016  6.216192  6.997584  1.935493  1.696939  0.783153  4.063409  3.393042  7.615087  3.784295  2.481474  6.657168  3.080850  2.189460  6.579241  7.538356  5.038962  0.824469  6.357996  0.433579  2.660446  7.181242  3.949579  5.034961  3.430105  6.092206  4.421860  2.409209  0.324577
0.729206  1.379472  0.458788  5.359494  7.301188  1.782910  0.314910  2.385898  0.988976  1.635644  2.001422  4.867582  4.069545  0.665480  1.747790  2.472626  7.846239  5.852931  2.618397  3.663923  3.915446  0.635971  0.664471  6.075092  3.464330  0.847058  0.593987  0.309702  1.708239
3.914903  5.993985  3.903319  6.240509  0.590027  3.428765  6.539432  4.981424  2.429685  1.276544  1.211893  5.577174  3.504336  0.956147  2.878055  1.513682  5.264359  2.234440  4.248362  6.874276  1.232312  7.594210  3.709706  7.584219  7.162573  5.181323  2.981426  2.149163  0.536778
3.638995  3.954388  1.308690  0.740016  5.176111  7.265156  3.690127  5.989326  7.505581  5.508804  3.461920  1.062584  0.827775  3.595508  0.149881  1.102437  0.823150  3.607605  2.193709  5.246515  0.657252  5.615362  0.485239  7.561692  6.290312  7.261289  4.043941  3.736748  7.922747
5.524349  5.149231  0.214341  4.196931  1.927022  7.663267  1.919754  2.814647  3.549717  1.941904  1.470460  7.518713  4.568605  2.645600  4.727088  6.926332  6.634480  5.926080  0.772963  1.490782  3.261866  1.878679  6.885920  4.907100  1.499098  4.814289  2.792706  7.566527  7.501702