0.750801  0.388213  0.978421  0.805119  0.022687  0.437962  0.587371  0.958922  0.080923  0.074958  0.664978  0.948366  0.230090  0.667257  0.141106  0.243731  0.511991  0.591141  0.470894  0.955081
0.818696  0.936419  0.204387  0.342762  0.302653  0.884288  0.925339  0.141032  0.799591  0.174900  0.249984  0.747236  0.906691  0.891344  0.081520  0.841605  0.691546  0.252586  0.727123  0.671731
0.746632  0.229964  0.801724  0.060939  0.449570  0.580175  0.066411  0.181251  0.841189  0.322236  0.479191  0.269303  0.491422  0.776753  0.771983  0.757553  0.087303  0.032868  0.810106  0.743270
0.247879  0.111602  0.839144  0.324292  0.247565  0.153872  0.478967  0.093198  0.912513  0.677270  0.985801  4.848574  0.943804  0.317781  0.870642  0.872569  0.316782  0.500933  0.435946  0.101839
0.207622  0.171418  0.172364  0.413699  0.106205  0.051088  0.243499  0.159489  0.388658  0.892257  0.478971  0.284363  0.643406  0.846590  0.394761  0.975642  0.471352  0.379409  0.764658  0.009862
0.313803  0.125088  0.177783  0.985691  0.101010  0.701258  0.834531  0.955059  0.159731  0.777875  0.556924  0.446318  0.869929  0.631782  0.619232  0.510927  0.018778  0.008185  0.540868  0.219110
0.664382  0.357587  0.425929  0.980123  0.592108  0.419974  0.782405  0.169229  0.123232  0.687693  0.008947  0.806140  0.118559  0.494213  0.898232  0.448673  0.508964  0.348091  0.573320  0.040543
0.580305  0.659726  0.247075  0.183635  0.541907  0.193115  0.074547  0.192852  0.615839  0.415596  0.154403  0.335520  0.998440  0.415652  0.427833  0.857569  0.566090  0.212187  0.822014  0.755132
0.123951  0.088220  0.490095  0.762907  0.329426  0.047795  0.410782  0.699572  0.161339  0.616956  0.928018  0.135738  0.951344  0.987970  0.034842  0.331371  0.545833  0.940533  0.335438  0.527300
0.124619  0.064541  0.655488  0.969398  0.566920  0.556044  0.213333  0.494182  0.025699  0.261364  0.113085  0.111062  0.548145  0.703880  0.675710  0.779130  0.163116  0.543845  0.785243  0.495354
0.845590  0.293643  0.994657  0.886207  0.163715  0.139239  0.609573  0.726249  0.215783  0.403108  0.347856  0.194820  0.672455  0.524792  0.459279  0.226003  0.353849  0.432282  0.381830  0.007168
0.791587  0.830727  0.109869  0.537878  0.652659  0.244587  0.454198  0.173627  0.734982  0.615118  0.285288  0.247822  0.483773  0.877185  0.668239  0.190612  0.623379  0.217690  0.521724  0.044639
0.550950  0.652501  0.063023  0.915436  0.596357  0.149561  0.837393  0.688182  0.117018  0.772948  0.572415  0.292712  0.666791  0.225966  0.446570  0.905092  0.154867  0.730911  0.616206  0.736822
0.993585  0.399000  0.006155  0.481621  0.723366  0.115996  0.436680  0.064976  0.498461  0.497393  0.133044  0.073071  0.118968  0.651601  0.543870  0.125410  0.002582  0.330374  0.180609  0.499381
0.603797  0.542819  0.882814  0.515238  0.308794  0.862624  0.512537  0.546377  0.760992  0.467713  0.586066  0.032502  0.905269  0.417382  0.762337  0.542246  0.778090  0.793998  0.424757  0.756937
0.216323  0.114710  0.816780  0.228739  0.209231  0.853152  0.321491  0.903998  0.576201  0.001961  0.511562  0.696646  0.016962  0.353998  0.538340  0.846666  0.351602  0.583477  0.277460  0.405073
0.944428  0.267779  0.403240  0.949581  0.888726  0.706551  0.225282  0.554051  0.518729  0.766758  0.688052  0.110011  0.210631  0.010677  0.407865  0.330008  0.236213  0.048386  0.001581  0.150207
0.640672  0.397135  0.247433  0.793639  0.730509  0.127049  0.810831  0.455668  0.777811  0.225921  0.366566  0.429699  0.974060  0.925448  0.953769  0.503851  0.499571  0.197069  0.311083  0.628255
0.813947  0.247622  0.756896  0.177843  0.918429  0.123393  0.903119  0.616925  0.392787  0.465660  0.120886  0.009554  0.467409  0.051678  0.212654  0.613640  0.255478  0.002130  0.187598  0.746930
0.540678  0.439350  0.385813  0.219458  0.192580  0.940250  0.451716  0.889742  0.364909  0.343656  0.818180  0.320952  0.121114  0.343841  0.430317  0.088471  0.027205  0.830395  0.411438  0.021724
0.553549  0.119084  0.253646  0.550824  0.835350  0.059220  0.901595  0.372557  0.455772  0.500123  0.790373  0.850404  0.436192  0.752542  0.497088  0.919742  0.544816  0.490536  0.170609  0.782081