6.085006  0.673934  1.009769  0.549644  4.141877  6.237093  4.198961  4.277865  7.584447  7.832653  5.547410  7.544312  7.481467  0.711891  4.685719  3.550161  4.751938  4.152616  0.441336  7.949879  2.572865  3.624068  7.789600  0.891968  4.452028  6.219922  6.303426  0.920214
4.564647  7.366470  4.970028  1.043310  0.804375  3.227138  7.719654  6.319783  2.100629  2.888528  4.737873  0.594196  7.905824  1.327270  4.609499  1.559688  1.357621  4.320991  1.568819  6.110951  6.472904  1.880818  0.607336  5.990832  5.831718  3.446852  0.916827  7.022783
6.560985  4.002138  5.122039  1.760465  3.029385  5.424714  5.983951  5.174864  6.516336  3.811371  7.731064  6.038351  7.219565  3.170845  1.902749  4.954158  6.317356  4.798189  5.565257  3.518831  1.403079  5.806177  6.987541  5.894263  3.461205  7.703611  6.340622  2.104993
7.655558  6.574500  6.710765  1.665492  5.552101  6.326130  3.693329  4.681241  5.000165  1.638088  4.060684  7.356473  7.747524  1.658409  3.474179  3.880479  7.966349  5.157023  5.936683  2.953494  5.218582  0.760794  5.658802  4.752181  4.990878  0.058463  7.238424  2.923853
0.780784  0.777895  0.529822  2.237585  1.817421  5.902092  4.305089  7.809465  1.851481  0.504475  7.787250  2.358275  1.050905  7.248023  7.360976  3.736970  2.890206  3.906916  5.243342  2.024377  7.022906  7.933380  7.623693  1.750595  7.478184  6.006499  3.758187  4.368651
3.124333  6.663835  0.731195  6.874022  2.193245  1.530741  7.072263  4.512697  2.761642  3.326322  2.143925  0.807509  4.436403  2.739063  5.192219  2.671550  5.092834  3.429206  0.178298  0.166514  4.366340  6.829013  7.986127  7.502900  0.699492  6.076131  2.327783  6.168071
7.098055  7.329311  7.644458  2.607190  6.351103  2.879822  4.527834  7.671177  7.321917  1.885957  0.663030  3.084842  6.017909  1.222067  3.020922  1.477427  2.499388  6.847662  2.004178  3.056871  5.288553  7.266146  2.477906  3.798149  0.791642  3.056834  2.092399  1.055112
0.348749  2.127953  0.032008  4.794308  5.877359  3.252394  3.300720  4.188343  0.677249  2.612055  6.881637  4.095393  2.815919  1.490647  2.584032  1.990523  6.615334  3.918944  3.118306  3.203578  3.112261  6.990474  4.915657  6.857417  4.966100  3.729735  3.435898  0.689372
1.139647  6.809093  2.183376  3.977845  7.779771  5.074545  5.377532  6.085032  0.076596  7.754633  6.201195  7.665819  1.481300  1.390826  1.776274  2.381975  3.514217  5.941773  2.493063  6.999794  3.496510  5.177877  1.045946  5.038445  6.890209  6.396703  5.504836  1.675311
1.533012  7.653810  0.978284  7.403688  0.905769  1.117644  5.900693  2.977265  0.672165  6.821195  7.702696  4.464872  1.081660  7.997192  2.600287  4.778046  5.428315  3.347657  1.464857  0.823021  7.609690  3.012723  2.212865  3.467821  5.931575  1.667656  0.880417  6.804195
1.655852  4.091116  6.524611  3.723182  7.390386  7.711716  3.320045  4.612179  6.271368  7.054044  2.695462  5.020430  7.990117  0.669337  5.082075  4.428922  2.067906  4.050079  4.821645  5.799740  0.383945  2.191858  3.009000  0.368986  1.813193  4.879865  5.520187  0.186448
1.932275  0.441501  1.204062  6.194239  6.103295  7.620604  2.191650  0.175721  0.846942  0.392868  0.504192  0.695062  4.267809  2.956117  0.617339  6.186858  3.396450  1.793118  6.365544  6.644304  2.664211  2.618711  4.547225  2.893463  1.328495  4.187091  4.817881  1.230243
0.517617  4.349117  1.934854  3.235756  0.666026  4.413626  2.144054  5.874799  3.462200  7.780748  0.475462  5.521253  7.033085  1.979317  1.940835  1.343256  6.940525  5.654516  7.103582  2.520086  0.666688  5.715957  3.217340  4.051729  3.617035  4.770471  0.106354  7.461189
0.270988  5.127932  1.187305  1.478644  6.961953  5.082507  0.508824  7.835628  4.869978  7.835798  6.411459  6.586468  5.161844  3.342376  7.387455  7.913292  4.814971  6.522305  3.946242  5.159940  1.513082  1.699281  3.768115  2.879232  7.103120  4.787111  0.155124  3.967061
3.454485  3.661276  1.764787  1.495865  6.163226  1.316434  2.838769  5.649087  0.395356  5.824733  1.615254  0.197309  1.265074  1.773901  6.340299  2.245772  4.495179  3.778132  5.270000  5.522106  3.708563  1.818836  7.281902  1.262118  6.551237  0.586411  3.190592  3.790561
2.948861  6.658234  6.589043  4.182880  5.150378  0.262135  7.013777  2.932971  6.813851  2.538690  3.458519  3.341074  5.241203  2.629729  2.737560  1.374973  0.970117  5.584502  4.926611  1.046733  4.282901  1.989033  5.085495  4.886281  2.793702  3.388232  4.693585  0.882181
2.127004  1.984417  3.705457  6.299044  2.801915  6.759944  6.860794  3.070043  0.788302  5.085714  1.859132  5.002087  4.802414  7.041394  4.236618  5.820274  2.261161  1.087226  6.258481  1.117279  1.915827  4.391408  6.867516  0.562434  6.537507  5.031035  4.705425  5.264281
7.628160  2.448699  2.450411  6.969469  5.982718  4.960888  2.191010  2.819921  7.029238  2.778378  4.282683  3.679246  6.225680  1.912900  4.110280  5.578454  7.393429  2.508404  0.406005  4.620089  1.719245  6.549315  5.249139  5.718940  1.258910  0.562232  3.600276  4.846577
4.127360  2.841593  5.199426  0.986012  1.161711  3.893890  3.883906  1.791836  7.695092  3.209057  0.858464  5.990266  3.180798  3.131764  3.176695  3.842589  1.757830  1.519358  4.669330  6.534534  2.450441  1.037307  1.781559  4.143214  6.545885  0.357008  3.258108  7.872280
1.796115  3.184952  0.341358  3.535049  6.440751  2.966227  5.124348  1.804385  4.650187  2.269464  2.927067  0.537207  0.839283  6.274358  0.041012  7.520547  1.403642  5.446975  0.913546  4.275136  2.782032  1.402100  6.820137  7.091575  0.350088  4.115975  7.299161  0.263198
1.501981  6.066802  4.100467  6.518802  4.378299  3.544480  5.125497  0.947484  3.049961  3.285079  4.813314  7.246876  4.569545  7.749650  3.653424  2.915146  1.152957  6.780992  0.982891  3.046188  7.855954  1.036098  5.951755  2.676481  4.461584  3.506043  3.517362  7.171175
5.896161  1.599137  5.554758  0.926010  0.342976  5.677242  3.646870  4.700744  2.324491  0.599217  3.844760  7.188822  1.375326  6.739482  4.664788  6.967091  1.529928  2.113813  1.816105  2.758418  2.700345  5.658486  2.628438  2.979136  0.121121  5.372992  1.876701  5.832305
0.389873  1.950573  4.675535  4.746838  0.233669  4.684931  1.343422  0.751598  6.982909  1.855481  7.612607  1.412648  1.835950  4.457620  1.287605  7.250878  2.349295  6.058517  5.431634  7.096329  5.189726  0.723011  0.386895  7.624547  0.036310  7.368262  0.411157  5.359416
0.621791  2.569853  1.439687  3.715943  3.254428  4.756109  2.458118  3.195545  4.762900  0.891477  4.198416  5.635456  2.658483  2.163847  3.346663  1.452917  4.410232  1.854765  0.177945  4.113899  2.080496  2.485578  2.510177  2.595141  7.169641  4.496560  3.095299  4.397383
4.370410  1.130192  3.042783  2.706702  0.033943  3.853774  6.597003  1.589945  3.500990  1.570661  2.566568  4.649311  3.053484  7.033431  2.930255  3.350180  7.093125  5.286398  5.620785  3.275383  7.255249  3.628906  6.214211  7.848128  3.517797  2.504935  6.229271  7.604896
3.966746  1.888599  1.967609  6.888663  5.730959  0.149165  3.302339  6.871872  2.700940  4.043312  2.548988  6.107639  1.997572  5.396398  1.529399  5.346748  0.758457  4.198552  6.165770  0.147037  5.661050  5.255494  0.418542  4.840864  5.703335  6.198039  3.108417  2.715367
6.114370  0.568297  0.139356  7.799340  5.868554  4.864648  6.865958  1.439572  1.129088  2.841648  6.825205  3.888575  2.047600  4.025045  1.779093  5.414692  4.698519  0.316208  5.991243  0.984629  7.528320  2.724262  4.887166  3.357524  6.551322  5.678351  2.724387  3.468730
5.625307  3.036467  1.625217  4.270540  5.491751  3.821370  5.301522  2.736164  7.867072  6.878173  5.027391  6.522310  0.722810  4.062249  6.892176  6.824794  5.994253  3.230139  2.092942  7.250675  3.308575  3.220259  6.001916  2.069451  4.925104  5.174211  0.971092  5.994931