7.053027  1.716536  4.135180  5.069709  6.861516  0.212238  7.587080  5.536882  4.559293  5.790944  1.340767  4.854376  1.796256  4.713574  6.388676  0.824312  3.234318  6.497046  1.567268  1.563766  1.246594  6.749009  5.621136  1.845318  2.984915  5.586784
3.175106  6.249959  4.373525  0.340942  3.285481  7.727319  4.625886  4.345545  2.905628  2.884763  7.170583  5.968576  2.515176  7.303432  4.411368  5.637732  7.326157  1.405901  2.535467  5.468224  0.893485  5.876672  0.623311  4.200869  6.621222  7.363282
7.601934  5.510276  4.570150  6.162373  5.123337  4.344492  6.136240  5.821634  4.238180  1.809077  7.583634  6.065082  6.774221  2.210073  5.079885  3.175723  0.617993  2.221965  6.795179  5.946175  3.637264  7.748234  5.791402  4.534427  7.770897  4.893715
4.840930  4.038444  6.851778  7.569491  2.979102  6.329903  7.017553  5.602650  3.508382  0.663911  1.102965  3.824784  0.336313  5.808105  2.196667  6.464656  7.943382  1.911112  0.584415  2.272049  7.941014  7.056898  4.589649  0.151361  0.093960  7.428103
5.361488  0.685063  7.845408  5.228021  0.449276  1.778724  1.797214  0.987441  1.041823  6.760836  5.261695  4.609143  1.038610  2.622280  5.915523  4.479382  2.659225  4.681778  4.750277  0.202275  5.086419  1.815302  3.928317  1.989562  1.677185  7.488912
0.816664  6.464773  1.565355  2.186117  4.385672  6.617391  5.018272  6.422360  2.323311  2.869188  6.699129  2.390835  2.629959  0.691423  5.025664  6.385375  0.122655  3.938221  3.104946  3.497738  0.191827  2.037950  1.263044  2.688153  5.317590  7.411019
2.977444  2.179580  6.266735  6.959066  5.059139  4.227678  7.555634  0.197067  3.220381  0.670043  3.678312  2.576458  7.703131  2.259856  0.763033  3.773937  2.432336  1.640610  7.734775  3.197163  7.197194  1.920187  1.725066  6.685126  3.652649  6.154090
4.384676  3.357554  6.472416  3.649211  4.918781  1.794243  0.773884  2.851063  4.078199  6.201797  1.974347  7.679002  3.004433  3.951800  4.527025  2.525475  1.740284  7.851027  7.524429  4.736940  4.381849  5.730841  5.945695  6.245648  3.261818  4.419501
0.363546  6.123019  5.218003  6.887674  1.215618  5.176954  0.915137  2.333972  6.283964  0.316939  3.352012  7.203953  3.815583  0.262392  6.100097  6.612534  6.755896  5.271242  7.483845  6.366355  3.856173  7.917328  1.826960  3.759195  0.954939  3.546716
5.052950  0.540099  4.522486  3.894646  7.342352  5.930418  5.596653  5.446352  6.213098  7.292575  3.527119  7.476562  1.304528  1.029881  1.484505  7.304076  3.309641  0.523310  5.479647  6.149337  3.914211  7.387720  5.677455  6.084517  7.265488  7.056535
1.078866  6.917167  4.407246  1.680489  2.183410  1.450067  4.282002  2.552602  3.034031  6.411467  6.315315  2.748088  2.084812  6.451462  6.261099  6.394496  6.621355  1.951825  0.900980  3.963922  2.002608  1.998166  2.354784  1.205696  0.782005  7.714865
1.173276  0.814529  3.804840  4.264777  5.048382  0.655632  5.667858  2.167266  6.890138  2.344929  4.466123  0.189720  2.183710  7.208991  2.541257  6.919195  4.953880  5.125947  2.984247  4.222484  4.328434  3.475120  7.935025  3.154396  7.605999  6.399763
1.260158  3.475632  2.897876  2.813780  1.978974  1.793198  4.827542  7.059924  1.847571  0.437854  0.435506  2.853489  6.799183  1.544671  5.351292  5.122093  7.478458  4.404305  4.458382  7.578724  4.896262  3.004203  6.692014  6.341754  5.270667  0.780470
6.273775  5.642212  5.408886  0.952728  0.601028  0.635158  0.523921  1.415829  0.173237  2.558572  0.168821  7.013874  2.351337  6.959724  7.010441  1.123539  4.410362  6.435556  1.453713  4.825260  6.259580  3.310178  6.666457  3.542420  7.368490  4.899133
3.343871  5.880214  3.851048  0.486652  5.590837  1.497459  4.324597  4.868677  6.589316  0.196142  3.074012  0.291012  3.257104  7.015111  4.215632  0.838495  0.893323  5.965816  4.969631  4.807663  5.845074  4.149632  7.813540  3.321961  0.518723  0.347810
0.203659  5.425065  0.598384  3.776691  0.715232  5.114494  7.123205  3.552364  1.866231  2.254231  2.114133  5.510530  6.553744  5.031628  7.729880  6.378886  4.945958  2.600445  3.470918  1.900894  7.836834  2.778439  5.739334  1.361387  4.884598  5.144454
3.101489  2.066010  7.819277  0.606567  4.889454  3.678057  1.618528  2.489376  0.316286  5.917839  4.815096  1.415081  4.069241  5.981262  5.513299  4.729592  6.384105  6.135875  4.355988  2.951444  6.892884  5.304199  7.597498  0.697851  0.076140  1.045717
4.602186  5.768831  3.940343  2.200460  6.502174  7.546850  6.579661  3.558690  4.412023  6.596036  7.570674  2.272757  2.512091  1.321543  0.687562  1.328736  5.476422  6.776235  5.214371  4.247056  7.135036  3.178409  1.170045  1.282851  5.924594  3.430836
3.050948  0.748371  6.595451  5.907962  5.234678  5.681304  0.807165  5.004691  5.978038  3.934473  3.658628  3.416711  5.981086  0.863891  6.862999  2.848892  5.778242  6.143752  0.191724  3.824864  1.756518  1.838474  2.975964  0.497423  3.389970  3.713492
0.867832  4.835990  4.318544  5.868052  7.727885  4.293907  5.188559  6.124810  0.419387  0.034910  6.711129  6.212628  5.453944  1.024699  7.183872  2.630498  6.847119  6.770060  1.760342  3.182095  2.206766  6.214582  7.040666  4.522030  2.990832  4.276573
0.095935  7.656422  7.035452  4.741304  5.827958  3.191982  6.868254  0.696341  6.605057  2.229366  7.985797  7.425215  3.403642  6.148101  1.188190  1.651294  4.224347  3.131971  6.227951  1.250257  1.340620  3.135297  0.444256  7.026150  3.976653  0.092109
5.717781  4.872542  5.300675  4.521789  5.995416  4.616894  6.158628  1.286293  1.798158  3.072786  4.762356  0.105658  1.539598  3.301227  7.585466  4.540036  6.146448  7.808836  6.009115  0.498069  7.386617  6.387233  7.799001  5.932992  3.474439  7.524547
4.283943  5.239392  5.936667  3.796525  1.145447  6.965132  1.386962  0.371254  7.016770  7.804497  0.770632  7.738112  7.629012  7.440204  0.805452  4.998094  6.030858  5.653443  1.758463  6.529237  5.447641  5.222728  4.362698  0.567427  6.634456  1.483842
2.591864  1.219438  6.117139  2.024782  6.175040  5.651601  7.503955  7.841122  3.147558  3.674084  3.089926  0.378812  4.398252  3.667313  3.264795  5.242958  3.087356  4.773629  6.774659  2.952738  7.973372  0.503830  3.676386  5.974109  7.101302  3.384844
4.863001  3.363591  2.968714  6.001288  1.327265  1.707915  4.200127  4.760270  0.869752  7.645932  5.924335  4.935356  5.746778  7.110707  5.463276  3.022140  5.792620  7.531311  5.605180  1.164490  7.839497  5.585373  2.648746  4.387028  3.797867  4.695010
4.569179  4.596034  4.548655  5.310340  0.070995  5.787469  2.838081  3.126317  5.956527  0.627421  7.654826  7.730209  2.153165  5.546803  3.108333  0.778594  0.906409  7.718722  2.616112  4.654309  1.059869  4.763487  6.246958  5.655369  6.007423  2.752788