3.278226  6.048681  7.225637  3.025673  3.062044  6.697296  0.582501  2.925777  1.570761  7.426566  4.775562  7.295938  5.058503  1.599998  4.966287  4.620163  3.552970  4.145987  0.103249  2.758331  0.899632  2.830972
1.373782  2.098275  0.549366  5.817106  4.909454  3.144361  4.620060  0.333803  2.951660  6.328943  6.926761  5.519061  5.472702  3.684634  7.089002  7.963028  7.286773  5.116901  2.488037  3.212851  5.974333  2.368040
7.760718  6.474408  1.482428  3.365158  7.680869  4.973061  5.052560  4.496362  0.693046  2.912178  5.166785  0.460895  1.027625  5.694686  5.491775  4.690537  5.240253  3.049510  0.339638  7.941155  6.182726  4.931306
6.953364  6.504828  1.826449  7.538455  6.963819  4.594565  6.023679  3.520856  5.654268  5.805164  3.205814  0.425607  5.207486  0.155348  7.182066  2.655242  2.899557  2.067877  5.615902  4.689737  7.243542  4.745859
4.420716  5.050063  2.375253  7.755112  6.230248  1.457653  7.512425  7.223918  4.263321  3.870666  2.107657  3.923139  3.316553  7.554533  6.354533  3.591172  5.282741  3.070815  4.995429  0.219828  1.506679  0.044973
7.918527  6.618744  2.454257  2.800195  1.820678  7.427533  6.584713  2.421018  7.251762  1.846415  4.980010  5.537019  2.645298  4.707640  4.199344  1.093413  7.479096  1.111595  2.990877  4.601986  2.498811  1.703017
6.906812  2.842317  5.976330  2.764326  4.532051  6.709828  1.263966  1.654636  7.950668  1.883755  2.444526  5.724572  2.238552  6.214710  7.666340  1.688591  2.184602  3.208032  3.791454  2.538040  3.106931  6.705733
7.274192  0.429789  4.544593  2.846372  2.726416  6.586794  0.769422  3.608770  4.414821  1.098546  6.476615  3.722032  4.974704  2.610897  3.676774  3.450915  1.913684  0.246337  4.726166  3.742136  6.017930  7.697340
2.596035  5.443771  0.562505  2.286970  6.895864  6.786482  4.266491  7.892510  2.829525  1.041837  6.222651  5.979407  0.177358  5.249576  3.570407  1.594436  0.561242  1.132243  2.470007  7.018500  7.663803  4.792130
7.974798  6.881078  0.736972  6.512087  0.687601  6.889892  6.649154  3.958289  5.626224  3.930897  7.884334  7.309611  1.512238  4.145318  5.320528  3.314834  4.736172  1.691955  3.279013  3.005480  7.541387  2.254579
0.249877  0.768596  2.507906  3.955814  3.863443  4.710413  5.206572  6.190412  3.091234  3.718353  1.932958  3.992456  4.324171  7.355400  3.719512  5.902529  6.889770  2.697448  1.363489  2.902496  5.734175  1.450777
4.997274  2.837069  4.408920  5.163375  3.766785  0.842928  0.166363  0.070395  4.472672  1.657698  4.881826  6.090591  6.568130  0.282657  6.684514  2.717135  4.696172  3.324633  5.593344  6.022801  6.988304  6.444064
0.117918  3.726025  1.635556  5.687816  4.698869  5.240965  3.781967  4.086858  0.025951  2.861197  1.579581  3.750504  7.686227  0.703278  2.283169  3.790464  5.258844  1.762954  0.551898  7.759517  5.886882  6.413370
7.664235  4.891193  5.520889  3.901171  4.141475  3.278393  3.442710  7.872985  1.314284  4.230452  7.342346  5.691303  7.655771  3.399713  3.134590  3.275372  1.243623  5.870233  5.866279  0.429235  2.502915  1.252821
7.479058  6.095662  5.420276  4.932142  3.856594  2.701237  4.709140  0.963221  5.499285  5.734458  2.944885  0.716211  5.333513  6.925256  7.477720  3.219870  5.576613  4.870898  7.970244  0.255747  1.242739  3.679816
1.695660  7.606641  0.788912  6.181448  1.271706  7.464463  6.564568  3.476760  2.294392  7.854189  3.142004  7.080659  2.374734  3.032149  2.269183  3.634089  4.370722  6.168483  5.100398  7.140152  1.145809  2.225121
5.524398  3.905155  2.974287  2.792243  0.823598  2.842074  7.752985  7.747712  5.562091  2.520442  4.467756  6.955543  1.514226  2.323277  1.902316  4.821046  0.609577  2.298202  7.366044  5.371817  5.284206  6.766469
4.256410  3.635344  5.292169  2.480188  4.560776  2.435531  3.945273  3.094588  6.941364  0.332022  3.913190  1.948732  4.836254  0.277764  7.130040  6.624650  6.048331  1.671814  3.017670  1.481421  1.583180  4.835946
2.149887  2.337314  5.035961  4.545194  2.645980  2.699622  2.616385  2.094012  1.995915  3.418432  3.939971  7.481316  3.683669  3.367104  5.002803  2.649207  7.889214  7.728806  7.296100  5.311758  2.713733  6.695010
0.805959  6.761813  2.786705  2.858429  5.682685  0.145284  7.777578  0.309419  5.653207  0.044025  6.248784  4.421445  7.789121  7.809901  6.450928  6.537769  0.031971  3.944245  7.075050  2.248082  1.916449  0.918452
3.640915  3.670362  3.221240  7.183032  0.114336  3.129804  7.816321  3.713988  0.510625  7.853229  5.764567  6.296965  3.655310  0.773944  5.774596  3.851176  3.937319  7.268587  0.390826  1.446661  7.803900  1.624050
3.845814  4.270002  5.910610  2.259144  1.288965  3.645210  6.253770  5.202214  2.144801  4.317994  2.276821  7.052504  7.643021  7.563267  1.856128  7.629609  7.101647  5.277239  2.235788  6.741916  5.333630  6.067050