4.094018  2.946060  0.798307  5.530525  2.811854  7.867987  0.328540  7.421203  5.539255  1.394282  2.376468  5.612513  2.252644  0.773549  4.196231  3.960608  2.007584  6.033108  6.547823  0.042066  0.762789  2.445663  6.883547  2.538695  3.410763
7.697315  1.584486  6.941482  6.289746  1.721006  3.603693  6.151063  2.928179  3.198591  3.974347  1.216160  5.499480  6.023752  0.992693  5.365528  1.441455  1.557078  1.487143  1.652967  0.921286  0.293646  0.436463  0.949053  4.303530  5.602548
0.301577  0.677296  5.505196  2.486837  3.787025  5.606488  7.098465  5.851451  3.349714  4.175065  0.248238  1.555713  1.624152  1.237392  5.048216  1.566100  5.034914  2.785906  6.545795  5.813992  2.218656  6.117155  6.722637  1.902230  1.479553
2.073795  2.924306  7.593313  1.353599  0.408698  2.708950  2.051185  1.458775  0.981377  1.811568  0.097583  3.159650  4.410986  1.896939  3.282991  1.176531  1.974232  4.000890  0.361331  4.120870  5.950601  2.036116  3.796546  0.040157  2.281326
6.465334  2.218313  6.407141  3.322645  3.221115  1.283202  0.589727  5.637910  1.178313  1.186617  0.689514  0.187195  6.961548  2.109965  1.738453  7.937110  0.596784  3.176527  4.594715  6.827585  1.492597  2.028582  4.480364  0.196455  7.463287
2.927396  4.955061  0.176746  7.982565  1.316751  3.221517  2.245600  0.583083  0.079756  6.010036  5.017873  0.293663  7.257715  1.891002  6.541485  2.232637  2.788951  3.715777  4.765647  0.952256  2.864477  7.987975  1.517194  6.855707  2.786514
4.318721  0.234278  1.984844  6.754908  7.720978  5.870747  0.703270  3.795546  7.349664  0.798619  1.276009  7.083964  7.395794  7.200088  0.073548  3.206355  3.194471  6.354591  7.104584  2.439305  4.208091  4.390513  5.808393  4.918596  5.397713
0.485173  1.514298  0.606519  7.597093  3.160790  5.702252  7.256164  3.855444  1.238214  7.175144  4.110248  2.316545  0.174221  6.479991  7.861093  7.053405  1.922308  4.391715  5.437422  2.379208  1.120892  6.999816  5.472708  7.506881  4.326985
6.914767  0.848887  3.031140  0.177370  2.337540  4.498280  2.558465  4.773471  7.212252  1.685658  7.912010  2.250084  6.408441  6.281437  4.689990  3.402260  7.856078  0.076044  6.557705  3.408657  2.782982  4.974576  1.504862  5.103760  5.680836
7.949911  3.401462  6.915421  7.352616  7.921530  3.537064  6.498244  5.370752  2.266320  1.429794  2.257377  4.501945  6.456745  0.043060  5.371379  5.131112  3.360794  5.649443  4.586845  0.443474  1.027197  4.932864  6.971566  3.100411  3.318461
1.521624  5.977059  7.371214  2.543327  0.996522  3.575345  3.159474  7.279335  1.519803  3.898948  6.089382  5.865223  0.582245  1.727118  0.793793  4.581965  6.967261  2.325364  0.772450  5.330306  2.882463  5.559441  3.665350  0.651719  6.310686
2.868994  1.512788  4.228771  5.984031  2.600126  7.550151  2.539947  4.986063  5.360222  4.312160  4.133036  1.838849  0.472419  2.297738  5.020269  4.033087  7.271179  0.173316  1.987432  4.311143  4.894485  4.468919  2.148248  6.614369  1.392231
6.947925  0.864415  2.457651  7.384463  3.307982  3.190686  5.595672  5.167160  7.597115  2.293517  5.196976  5.077338  4.705614  1.830799  3.343437  5.093293  0.520859  6.069309  1.524345  5.059883  7.808811  1.555531  4.895840  5.592811  1.612451
5.444613  6.428027  7.629908  6.933997  2.131229  7.663635  5.761511  7.694339  7.615224  4.663666  4.886081  1.439623  6.073966  4.817036  1.401249  4.991553  7.402379  6.542769  1.054572  6.214483  2.020727  5.514878  7.742331  4.298973  4.039234
7.891609  6.958749  1.438012  3.907736  5.132319  4.262096  6.498711  0.967594  0.336782  3.038200  2.268796  2.862155  0.643321  1.005933  4.083820  2.551148  4.073682  3.323324  7.117559  2.713411  4.314174  3.817000  6.344620  7.611457  1.274127
2.771728  1.160876  0.030410  2.864296  1.880875  5.873860  1.692942  2.289405  0.372699  1.751857  3.590867  3.250577  6.991403  6.046977  7.963135  6.804973  4.425990  6.384045  6.189030  4.231503  7.943984  7.133715  2.654425  0.103067  0.401171
1.864801  7.688022  6.867311  1.462554  2.697325  6.953563  6.589475  7.783800  3.354404  6.223063  3.112446  7.066501  7.937624  5.245169  0.740721  2.314652  5.927120  4.461828  3.656528  7.283782  7.634149  5.615493  5.627902  2.028279  5.310501
7.828173  0.170127  4.616472  1.345656  0.522680  7.173444  1.497119  6.459155  1.595502  7.111562  4.665010  5.522222  3.539790  2.297012  0.687438  4.619234  7.756003  2.250984  0.817389  2.186188  4.076821  5.106833  0.833324  5.539900  4.572016
3.068000  5.909525  1.838204  3.987985  5.292678  1.735007  1.488010  5.715784  6.179078  2.263085  6.244620  5.970488  2.876757  4.887743  5.722278  5.903828  6.950990  3.506993  2.762480  1.661069  5.478769  4.847513  2.083154  5.932201  6.456536
7.588879  3.858351  1.336533  4.251364  1.239788  4.354679  4.018875  2.928809  6.382729  3.477264  5.124547  2.642272  1.817614  6.054566  2.359502  6.870238  3.298962  3.917993  1.630936  6.139329  4.975258  3.308743  7.802806  0.972675  0.303212
4.870939  1.889733  3.154674  0.123676  3.466632  7.551857  0.004757  5.750044  0.274850  6.542233  1.204354  2.334043  6.113390  6.797467  7.822813  4.437857  6.648656  6.151301  0.539585  3.655603  1.135379  1.189972  6.661549  1.291245  4.554632
4.557186  5.385926  5.514083  6.495105  7.055639  3.860770  4.077028  4.849177  1.181082  6.946616  2.596921  2.371883  2.263952  3.184392  4.560240  5.377427  6.182706  2.326314  6.631570  4.324472  0.652026  1.887979  3.506305  5.767974  4.378115
3.531507  0.463103  0.131931  4.912406  4.691077  6.935649  1.983926  1.824034  0.703822  2.837403  4.968956  0.850487  7.810572  3.037009  4.286572  2.974942  5.742503  2.296151  3.571926  5.917817  4.211343  3.145680  4.267887  0.319155  0.472294
0.589896  6.051937  2.927527  7.230445  0.192959  2.608144  4.400164  7.512983  0.015429  6.011046  7.858144  3.731073  4.033022  3.214862  0.129480  0.006860  3.083731  7.617994  2.652029  5.942574  3.053499  1.399361  5.297230  0.360331  6.924737
2.299652  1.914693  5.142728  7.475988  3.747163  1.186763  0.155943  0.835162  1.704436  4.421245  0.338579  3.752761  7.338484  3.199496  7.391071  1.375647  3.593947  6.336218  5.102039  3.465907  3.975084  5.396282  1.199511  1.423471  1.319085