1.356086  2.119399  2.816801  0.061139  6.187218  7.488723  2.187927  7.839250  6.905738  7.172793  4.323403  2.360543  0.566092  6.166207  4.452599  2.218601  5.805667  3.732137  3.664862  6.329885  7.596443  0.062542  5.871423  4.922642  2.174791  1.678099  0.129655
5.169459  3.308823  7.432364  5.227368  3.847514  5.351802  5.336219  6.338929  3.387098  0.069142  4.020240  1.729019  0.895586  5.015623  5.504166  0.893937  6.220569  1.278481  6.044232  2.194387  4.842429  1.691127  5.180664  7.947789  6.363205  1.161273  1.709239
0.112165  5.585155  2.546351  3.152316  4.107776  6.648995  0.548119  4.406375  7.986679  5.428334  6.387472  5.594597  3.074508  7.353409  3.559480  6.754636  2.372775  1.063777  3.757782  1.843255  6.424115  0.766186  2.096500  0.641095  3.006900  3.900402  4.046916
2.492371  6.939768  1.692349  5.045205  6.415891  5.440624  4.400457  7.516588  7.975328  0.898768  0.537697  3.100333  0.398245  0.582854  4.078338  2.149079  1.784946  7.721444  7.635009  2.115046  7.849768  4.556989  0.818248  3.224728  0.489018  1.388128  7.467228
3.882761  6.571296  0.279265  7.166970  3.534678  2.697516  4.030435  3.443871  7.257373  0.279520  6.164543  7.257969  0.135124  1.137699  2.103119  7.886901  0.518095  6.919645  1.365790  0.023102  1.549319  7.993386  3.542741  1.882330  5.885187  5.070334  6.953496
6.348177  1.323581  5.664638  4.319403  3.653794  7.092803  3.597190  0.441290  7.828602  1.843552  1.104099  2.787799  2.114346  0.925231  1.711018  7.063988  2.781390  6.316966  3.886248  2.243834  2.252729  7.622744  0.587133  1.214345  7.169753  2.829165  6.165812
0.093057  7.010359  5.063351  5.701939  5.444733  6.096555  6.377627  4.681587  4.037163  2.305300  1.626655  1.043054  0.440024  7.522847  2.791737  2.961922  5.684808  5.859440  0.646109  6.349215  5.367908  7.867769  0.444072  5.888112  3.992994  2.485159  3.355888
2.536219  2.012901  1.146030  5.659433  4.771948  4.945269  6.487705  7.238645  0.465152  2.100299  5.299251  3.727887  1.103683  5.872990  5.839550  6.680396  2.209148  7.216322  1.377397  5.428054  7.126653  6.825910  0.782969  4.838783  5.974937  4.730695  3.226561
4.966912  3.394811  5.398324  7.517087  7.630967  7.835427  1.127925  5.339342  1.242339  3.469421  5.417036  3.625656  4.747399  3.429573  0.153523  6.524074  4.334670  1.911161  7.897389  1.901795  0.597717  2.785775  3.181406  5.049149  7.133507  7.723887  2.673615
1.225960  0.095028  1.425072  7.208751  6.918695  0.006030  7.406307  5.109750  5.153386  0.184817  4.900357  1.884536  2.935840  4.413064  7.767812  0.297361  4.867247  0.024728  5.927893  0.978022  0.209835  7.379144  6.664728  3.146350  1.153796  4.721487  7.267349
1.693429  3.763269  0.722845  5.813211  4.775060  6.055719  7.531189  1.506632  7.237050  5.895630  2.953608  5.835068  1.605964  6.859969  1.429229  4.907750  2.043060  2.959469  7.741318  5.692728  1.573154  5.076318  0.956096  4.469959  3.064263  5.205410  4.864895
6.669629  7.847908  5.062886  1.245313  7.366450  0.534034  7.352250  5.546128  7.052264  6.488569  4.954888  3.139740  7.910813  3.605696  1.538422  6.075025  7.670131  2.420989  4.552855  3.302516  1.209544  0.275600  4.311040  1.632901  2.449855  6.155794  6.826579
2.228877  6.656835  2.996131  7.308801  4.219488  2.139709  3.648711  7.691035  5.065104  2.427895  1.384921  3.294982  4.590287  5.360800  7.710214  2.710510  0.140845  2.127061  5.436491  1.196787  4.110423  1.141166  3.370734  1.387228  6.121072  2.746946  4.642592
1.807284  4.431264  1.089031  1.607689  1.690673  0.683917  7.094863  6.427484  3.806201  4.896034  5.361475  1.840576  7.483907  1.630630  5.842792  7.304407  7.755809  3.580685  0.584751  1.600383  5.503093  5.333923  6.357133  0.159494  3.728160  7.876271  1.882533
1.779567  4.546501  1.430937  5.464486  3.069375  2.219922  6.519076  1.168301  5.868845  1.529235  4.667099  5.309728  1.058722  2.011054  0.974748  5.858159  5.587057  5.059929  6.797090  5.462610  6.203989  6.623590  4.082684  2.160292  3.310338  1.195666  1.449209
2.429157  3.489584  3.036761  3.866921  7.097350  3.706868  4.031379  4.859358  5.724085  7.822744  2.314722  4.419780  7.417982  4.983422  7.779959  5.380902  1.660520  3.613346  3.803121  1.764512  1.553781  6.150002  2.999349  0.676669  6.013237  4.324905  2.550769
2.603203  2.777898  0.708779  5.622852  3.499320  4.711698  7.403023  1.612655  3.856178  7.721555  1.173596  1.448920  2.966349  7.719113  5.987522  0.890565  4.899161  0.404723  4.826298  6.746658  6.235966  3.253795  4.814520  0.167538  6.404440  7.937210  5.116123
7.633300  7.490104  1.509043  5.714700  7.992429  7.692282  2.046411  3.108405  6.879920  5.130811  7.027821  2.114021  2.070816  0.498856  2.587965  7.388852  0.801599  6.096260  0.888457  7.943116  4.818504  7.066908  5.195573  4.829636  6.888325  6.202655  7.857639
4.361637  7.733880  4.465441  5.226228  6.623550  0.832865  1.418247  5.666945  1.703786  0.245360  3.044647  0.157100  3.992478  7.611855  6.975742  3.569149  0.051294  0.690187  4.932345  6.590341  5.976440  1.276368  7.229335  3.330577  1.840083  5.080831  2.478172
2.022040  5.709441  6.108200  1.162618  5.815731  7.906878  3.315228  2.551776  7.531590  3.588400  1.798133  6.453623  4.320464  2.382004  6.487120  0.601268  1.547725  1.741388  5.302416  7.003242  3.809931  5.834627  6.952748  6.378172  4.847451  6.201428  0.033722
6.833273  3.217574  6.076689  2.810136  1.235133  6.944151  3.192122  1.042829  3.260350  7.961403  2.031776  4.447223  4.902627  6.021092  5.931337  2.847269  6.251998  5.833796  6.075187  6.815096  7.650926  4.566599  6.359210  6.563200  0.871066  1.421098  4.251442
1.082572  5.743564  4.867130  4.196716  4.996759  7.714796  6.209251  3.775476  5.328369  4.088563  2.514519  7.741062  6.351127  6.254760  3.531704  3.223778  7.927136  3.993656  2.083627  6.804134  3.205570  7.983938  5.515865  2.821726  7.285570  3.931771  1.136651
0.200268  3.422706  0.277163  1.184334  6.233354  5.584892  3.223007  2.710346  2.189592  1.640244  3.871205  4.867174  7.259821  0.185908  0.539383  6.442405  2.283172  4.003441  0.870727  0.081465  4.852809  2.352928  5.138569  2.493251  6.816235  4.794533  4.186373
0.034394  3.849125  2.952778  0.732888  2.419487  4.695703  7.615396  5.311235  7.906130  0.832736  6.785161  3.899816  7.155259  5.728298  1.779670  3.341949  6.068735  4.530500  3.200613  0.940231  6.257777  5.935458  6.570611  0.150666  1.397356  6.147832  6.662310
5.090674  0.573244  0.261321  2.020913  0.614159  3.829962  1.050572  6.907973  5.995860  2.479454  5.080028  6.870756  2.806301  1.331853  5.199283  6.368116  1.347689  1.861286  6.908593  6.360322  5.060182  4.421214  3.742250  4.496895  6.597024  7.975375  3.731582
2.513038  2.806090  3.411953  3.173412  6.671810  4.644453  7.360176  3.343868  5.565791  6.091639  3.530068  0.461494  1.318489  7.416325  7.947701  5.117695  3.202361  6.690259  1.059803  4.556571  2.916839  3.232276  5.533163  1.600312  2.246336  1.704328  5.675846
7.680332  4.544779  5.870516  6.758775  6.348426  7.469737  6.569174  0.117800  5.806280  5.615832  7.237114  4.767963  4.405713  4.173628  0.364210  2.363193  1.736126  2.466804  5.545546  5.686245  3.829654  5.196939  4.337449  5.455281  6.178623  7.451822  2.912738