5.482620  6.660641  1.109691  6.387807  5.516172  0.062629  3.049942  2.879537  1.658941  7.387972  5.296159  4.151841  6.112649  3.239310  5.226220  7.638078  6.676112  1.086490  5.307682  5.114666  7.127400
7.216477  5.103914  6.561618  3.067148  2.671330  5.500796  7.810601  7.485978  7.907911  2.311446  2.639929  7.420509  2.577007  1.143007  2.264978  5.414037  1.733644  1.386093  6.711577  5.099505  1.954425
2.414051  5.348979  3.073958  6.251773  3.555762  7.898097  5.335224  3.339057  5.132254  6.519723  3.903150  6.714586  2.823992  4.126554  7.849255  4.196584  5.862233  5.851860  6.810253  0.955262  1.014426
7.646736  2.162438  2.752213  1.060197  0.266919  3.385502  5.011381  2.431000  6.449217  2.745907  3.509945  7.913100  7.866660  2.281507  3.891505  6.790116  0.490557  5.170663  3.868028  2.527886  6.276677
2.920680  1.891069  5.081029  1.631875  6.411929  1.236852  1.127083  6.906506  2.685593  0.863845  1.010712  0.197058  2.464554  6.065544  7.906998  1.032493  3.748471  0.855223  2.689434  7.056840  6.425683
0.183492  3.214752  3.609654  3.696119  7.503547  3.213327  2.145016  4.200979  5.863068  3.700426  6.718802  4.106490  0.615785  2.800161  6.313035  6.990618  1.009792  4.100539  0.555167  1.233176  4.323750
7.134596  7.429219  1.711328  1.886184  4.309133  5.864776  4.954055  1.227145  2.579161  1.628862  2.510708  4.775560  7.392706  7.734836  6.140344  2.929674  6.907201  4.621457  0.530082  7.992022  4.205239
2.644370  6.602318  7.374469  0.214047  1.961305  3.072142  1.642880  2.259572  4.681356  3.767938  7.385078  6.662662  1.187752  3.329623  6.549778  6.511375  2.832623  0.250637  0.818281  7.720003  6.741299
3.831264  5.734750  5.711975  7.252749  6.462516  2.734959  1.540365  4.561851  2.761302  5.877477  3.986271  4.418209  6.429206  5.995292  5.151938  5.275335  6.308759  4.149977  3.292002  3.073037  2.962630
6.684513  6.102847  4.874957  4.202752  5.834995  4.416608  2.872230  4.347933  4.775483  0.222901  3.803326  7.590098  0.134322  0.167950  7.629167  0.700823  4.434334  6.157330  3.341719  2.411451  3.573324
0.415110  7.073271  4.151564  0.375428  5.328733  4.212716  1.432222  2.407889  2.635556  5.024185  5.011887  2.671877  5.983504  2.302468  4.084540  3.440090  7.624891  5.888695  2.081060  2.427884  7.978979
2.408842  3.276487  4.648768  6.025460  1.386659  3.247361  6.719154  6.967558  0.921699  4.324884  3.041322  7.330050  1.412191  6.541226  1.207613  2.634045  2.341545  7.167848  7.132930  1.016933  2.936351
5.796287  4.836697  1.642466  0.542813  1.013391  7.459468  5.472517  0.857579  3.074588  7.013464  7.948605  1.688030  6.580302  4.530366  2.357839  2.706146  4.012205  3.683758  3.134518  7.699101  3.087568
3.627662  4.075151  3.108850  6.241519  6.706705  1.421262  1.191983  3.148576  7.857484  7.990864  3.920221  1.046413  6.934765  2.016105  6.780979  4.726347  2.860243  1.071082  7.926473  2.406615  1.405604
7.450453  1.658923  7.306066  0.585747  4.585983  4.028470  7.587463  5.052031  6.564752  2.359477  1.441138  3.539523  6.539307  3.809938  3.431323  1.336255  6.796610  0.607822  2.829030  0.906569  7.479179
7.397181  6.506917  4.214703  2.428399  7.165971  4.073152  5.958804  7.346539  2.516558  7.272819  5.839659  7.450567  0.578962  7.287021  2.152456  3.017417  6.655954  2.411347  2.403970  3.696937  3.728176
6.696960  3.321644  4.195301  4.236516  5.489132  4.535059  0.908218  1.098046  0.399583  3.374398  5.309862  0.700880  0.100584  4.644520  7.379991  3.662377  0.430313  0.897376  5.078270  1.424166  1.650525
3.639514  7.851424  2.296562  4.299187  6.075514  7.385354  5.353963  3.932228  1.402242  7.290950  0.621915  5.150198  3.332877  3.138874  1.285579  4.657119  1.443730  1.235174  0.188392  7.700420  5.100942
6.756123  4.678791  2.092391  2.138182  7.337253  4.901929  3.115163  6.120582  6.938139  6.922346  0.962771  4.944146  6.780993  1.602674  1.975427  1.683983  5.387762  6.952467  3.772704  0.018750  6.216924
3.700335  2.493873  3.222756  7.127783  1.131620  5.705198  3.631255  0.876596  6.772914  5.135597  2.648493  4.075450  1.293774  5.253570  7.782171  5.521349  3.035067  2.799927  6.852008  3.529562  0.862422
4.742361  0.434191  1.881802  3.582346  5.719507  1.767526  3.226420  2.947606  0.893660  0.761193  5.244317  3.317564  2.232924  3.408059  0.620867  2.328188  7.595085  7.821557  6.840688  1.465545  6.587107