6.395092  2.981518  2.586320  1.452438  5.996357  1.179624  6.712305  4.645509  0.974873  7.133068  2.809155  7.976238  1.996820  5.439064  2.354698  3.882890  1.425027  2.751945  1.903474  2.488105  5.096541  6.502154  4.699136
0.132975  7.130019  2.094336  5.096578  3.842978  7.145024  5.827943  5.476648  0.551219  5.689363  2.260329  0.375384  1.005965  1.334678  7.458844  6.838749  2.641058  7.814562  1.565053  3.552919  7.289315  3.743513  5.320721
0.089230  2.470617  0.869134  7.681780  7.641963  5.087931  5.474035  1.373079  7.926200  1.716086  7.457938  2.213248  5.442056  4.269670  6.794585  0.265591  4.100634  1.688002  5.472076  4.347470  0.246145  7.376669  6.689356
0.157231  6.397670  6.496695  3.995606  2.254246  1.573104  4.793970  7.223371  1.354249  0.846916  3.513136  3.480327  2.878666  4.832379  5.041665  6.128632  0.423249  5.068009  3.281457  2.594876  4.787825  3.827025  3.346838
1.017726  3.435610  4.657674  7.039373  0.154389  4.727013  7.001358  1.651537  6.631114  5.999508  2.524541  4.002763  6.536989  6.541629  6.339492  3.213030  0.524368  1.735782  7.077967  6.570666  0.993326  3.121066  1.821009
2.952603  2.601588  2.853903  3.177107  5.606937  5.255448  0.020820  2.339998  4.709130  7.901275  2.484285  7.746493  1.954812  5.851225  7.419073  5.993731  2.553694  6.040885  2.423196  1.964365  0.340629  3.530600  1.063992
4.647216  1.321481  2.726327  7.946521  5.930010  5.822963  6.209898  6.868011  3.679878  1.517216  0.732654  5.348612  3.716344  0.943426  7.840460  1.805325  1.820615  3.750380  3.762194  3.862497  4.714013  3.735369  5.607836
5.768866  5.977496  1.856468  4.586376  1.617680  1.173236  4.746744  5.867798  5.042995  5.968317  7.860520  0.877487  1.291793  7.849655  7.233385  3.225419  6.048168  4.058311  1.939204  4.136634  3.112337  3.660446  4.678941
7.163466  0.013831  4.211211  6.537671  1.124140  0.864785  5.256922  3.797722  0.626364  5.235776  3.959964  5.797450  5.198629  0.563266  0.419897  3.176705  4.965975  3.574228  1.803311  1.451628  0.971062  3.440114  7.184055
7.712950  3.655438  5.848905  3.034498  2.343565  3.679951  0.910497  6.597569  1.002676  7.177332  2.787296  0.908371  2.725395  0.694026  7.168408  3.023228  7.838247  7.492405  0.182415  0.053093  6.492559  0.548589  5.070248
3.887308  4.969320  4.495114  2.916277  7.032746  4.510627  0.921808  2.962253  0.782467  0.284403  0.862238  6.505344  2.967055  6.190654  0.957206  2.108026  3.830867  2.569065  7.700802  0.824199  3.114500  4.469318  1.338587
4.372412  7.213828  5.997072  1.401570  0.663687  6.325048  3.350101  1.523656  7.817969  5.774209  3.510667  6.104357  7.779785  7.268771  7.161742  5.542581  3.870295  0.597817  5.246273  6.181400  3.089435  6.346585  0.690243
1.767746  7.708442  5.480053  0.161846  3.145055  5.669610  2.189380  7.340642  4.060942  3.536684  4.184068  1.022145  5.386049  5.215850  1.651762  2.484833  3.704258  0.393883  2.396676  2.898158  5.148563  0.616513  4.206694
5.151668  3.520901  4.156699  0.288263  7.336943  7.148364  3.299009  7.647245  1.215593  3.592218  1.392901  1.582960  2.358124  7.240271  2.004250  4.001736  1.240068  1.977156  4.721023  1.045308  6.433297  5.541173  7.645577
0.568503  2.132029  3.840409  3.332618  6.289690  6.604603  4.414873  2.908406  6.976546  7.763627  2.395516  0.333367  7.818755  6.898706  7.724992  7.246847  3.178301  1.717503  1.069141  0.559269  5.197105  5.192428  7.762195
5.933551  1.280796  7.311856  4.292798  6.524197  7.266479  6.686299  4.251977  5.819020  4.121431  4.061537  2.328269  2.155041  6.308696  0.142271  5.849274  2.456650  1.494644  7.731433  1.532962  1.970701  0.062599  1.041830
6.526131  5.249740  2.935700  7.138385  1.471461  5.361177  1.501253  3.820781  3.258693  5.276722  3.967855  4.857891  6.279512  1.623009  2.275652  7.336932  3.419760  4.450874  0.719165  2.991844  7.686712  5.407315  1.731168
7.726952  4.283157  2.670743  1.815153  1.153557  7.104129  0.236668  7.403018  6.808621  1.046175  1.617549  4.453623  3.826319  2.183117  5.747087  2.896977  6.184757  1.776323  5.855810  7.567839  4.251742  1.251573  6.311358
1.061595  7.205043  5.688651  3.893435  0.984343  2.004138  3.033884  0.699965  6.358168  6.942020  7.159883  1.857547  7.481648  1.407183  1.060818  2.435864  0.334718  6.337483  1.885627  0.442273  0.656056  3.949117  2.175604
6.499354  2.110221  0.675546  5.586891  7.784762  3.500863  1.852729  2.542452  4.039299  1.775340  4.538611  1.672169  6.925667  2.605187  5.956373  2.563768  0.746942  6.615913  5.402497  0.261345  6.510359  2.878675  7.062280
0.112311  4.548572  2.065447  6.026986  0.977664  1.387107  5.708345  3.908389  7.484534  6.273289  7.292863  5.798018  5.914016  7.758490  7.453797  0.919980  3.481378  2.952111  7.331741  5.177808  7.179786  3.542263  5.187060
0.897328  6.022745  3.404681  1.657333  7.419114  3.434528  6.597969  6.583320  3.795653  4.701924  5.769829  3.117558  1.699920  5.814695  5.475507  2.868766  0.753599  6.686198  2.636219  7.124276  1.834779  3.659691  3.341928
1.731828  2.526497  3.369900  7.429353  1.011043  0.719062  6.443492  5.742706  3.104037  7.480670  3.186158  1.711169  5.463636  6.662372  0.318077  0.853725  2.716761  0.305017  5.983580  1.048487  5.929574  1.767368  3.674928