0.882530  0.628770  0.577422  0.415866  0.657050  0.380715  0.710629  0.363728  0.248458  0.222031  0.867875  0.450108  0.146715  0.551066  0.680276  0.323018  0.114883  0.074784  0.534981  0.420785  0.620399  0.598694  0.673620  0.780323
0.818816  0.134634  0.368931  0.183235  0.845782  0.447646  0.301053  0.411861  0.131014  0.254031  0.291106  0.681355  0.812326  0.029695  0.492068  0.764042  0.098232  0.791259  0.985589  0.928787  0.604435  0.271961  0.488252  0.580756
0.272502  0.630184  0.531958  0.405945  0.468291  0.200550  0.050449  0.900011  0.253209  0.825796  0.777648  0.392399  0.623123  0.992258  0.243382  0.064456  0.717762  0.332581  0.438146  0.004160  0.617718  0.056361  0.411007  0.040303
0.366629  0.522738  0.163323  0.955384  0.282929  0.478527  0.205883  0.689203  0.458517  0.451297  0.058167  0.314043  0.580978  0.408886  0.785840  0.887586  0.861491  0.075145  0.396203  0.771076  0.902324  0.226280  0.541223  0.638014
0.795796  0.883003  0.513885  0.192563  0.610893  0.560724  0.966002  0.567058  0.694177  0.643392  0.124240  0.474454  0.888433  0.506125  0.536016  0.454254  0.855470  0.227600  0.538036  0.969377  0.178784  0.605265  0.707644  0.686652
0.817251  0.714700  0.530774  0.005054  0.782848  0.439106  0.400179  0.783488  0.623318  0.235639  0.843764  0.263879  0.405037  0.902429  0.575185  0.385532  0.411792  0.263437  0.557583  0.043150  0.701967  0.497842  0.776121  0.353610
0.999620  0.306518  0.826190  0.665529  0.134212  0.230193  0.741511  0.870866  0.389251  0.212215  0.709971  0.559227  0.671858  0.933426  0.454951  0.693263  0.373285  0.537467  0.096014  0.777464  0.154675  0.111884  0.245210  0.942881
0.662848  0.693757  0.943878  0.976730  0.357663  0.628126  0.799737  0.088529  0.215511  0.823305  0.345144  0.123382  0.062766  0.819264  0.204833  0.008200  0.688495  0.613555  0.135032  0.448097  0.687530  0.873854  0.375778  0.277912
0.192975  0.506988  0.044358  0.417724  0.271494  0.551394  0.490193  0.081456  0.775248  0.013295  0.630123  0.744068  0.871077  0.576420  0.287918  0.385589  0.300550  0.080929  0.472999  0.699120  0.663769  0.289279  0.350689  0.275195
0.665300  0.735082  0.380014  0.256284  0.312383  0.385568  0.724889  0.592955  0.513562  0.439108  0.580699  0.827125  0.390160  0.826295  0.500664  0.278053  0.883493  0.886429  0.154984  0.613159  0.917516  0.250792  0.210678  0.048442
0.459571  0.179954  0.181135  0.842237  0.311187  0.474393  0.161793  0.321219  0.356370  0.606038  0.341994  0.409036  0.296590  0.902935  0.062942  0.515619  0.609684  0.460019  0.977818  0.689194  0.584142  0.946089  0.562505  0.133177
0.800754  0.630359  0.823995  0.546627  0.360352  0.761568  0.558434  0.259577  0.489405  0.898423  0.921910  0.803549  0.894445  0.912235  0.394435  0.382728  0.381859  0.160927  0.441259  0.692731  0.811304  0.768149  0.305476  0.671591
0.409010  0.032085  0.402073  0.061533  0.831527  0.735570  0.725904  0.110297  0.140938  0.532487  0.534747  0.347234  0.029350  0.644967  0.323455  0.132071  0.213455  0.821739  0.766352  0.593196  0.909248  0.880050  0.872433  0.647518
0.692449  0.181896  0.071505  0.025391  0.851978  0.079863  0.329351  0.611781  0.551817  0.708722  0.676088  0.958826  0.730845  0.495964  0.724292  0.525104  0.690766  0.417803  0.852090  0.053388  0.748979  0.336733  0.731302  0.511353
0.166263  0.722551  0.791858  0.188655  0.798407  0.680827  0.031071  0.868991  0.566414  0.491121  0.300031  0.477187  0.891684  0.791819  0.829194  0.239074  0.700555  0.139281  0.291452  0.185843  0.466889  0.916058  0.143293  0.784771
0.031837  0.466265  0.333321  0.584649  0.616743  0.895768  0.722282  0.026957  0.528081  0.190636  0.719883  0.992745  0.542650  0.179434  0.711049  0.230403  0.856695  0.393188  0.817935  0.540945  0.784431  0.061485  0.423848  0.485094
0.099421  0.323933  0.671416  0.420454  0.026531  0.233332  0.839670  0.877207  0.412699  0.280184  0.103385  0.637239  0.531490  0.977762  0.682884  0.394285  0.309441  0.512779  0.803644  0.541634  0.501451  0.588748  0.202427  0.459132
0.487968  0.367478  0.140306  0.652660  0.918491  0.848686  0.012812  0.236958  0.383924  0.118551  0.683583  0.546629  0.664549  0.645097  0.610265  0.110318  0.870923  0.201603  0.680068  0.829548  0.971742  0.058831  0.427230  0.966360
0.785725  0.802659  0.965807  0.462851  0.503845  0.505793  0.538568  0.190927  0.203713  0.010545  0.056425  0.961994  0.619714  0.764233  0.382692  0.514035  0.640462  0.989590  0.402607  0.237454  0.619441  0.969620  0.110951  0.101263
0.605169  0.879684  0.049193  0.097643  0.024009  0.909144  0.428519  0.535584  0.181737  0.380730  0.186188  0.683288  0.189248  0.197868  0.040088  0.584171  0.563289  0.228504  0.329957  0.352794  0.804851  0.168564  0.063640  0.894703
0.715888  0.018974  0.122889  0.788132  0.079249  0.557265  0.025572  0.015714  0.597258  0.088091  0.989814  0.340774  0.661114  0.316561  0.300470  0.385501  0.606272  0.404106  0.139446  0.887212  0.598283  0.138681  0.108799  0.184137
0.188998  0.679411  0.649145  0.713594  0.884875  0.520369  0.435806  0.193107  0.777082  0.158975  0.621271  0.198996  0.397378  0.451618  0.484893  0.057110  0.484245  0.792369  0.649414  0.316885  0.270507  0.060264  0.528771  0.592549
0.236687  0.746440  0.082778  0.224273  0.013594  0.794482  0.271653  0.037248  0.263162  0.465647  0.827007  0.458122  0.918297  0.975227  0.085777  0.385919  0.120518  0.737101  0.669728  0.508513  0.558417  0.800628  0.735540  0.205919
0.680483  0.467329  0.369096  0.788119  0.432594  0.134386  0.452523  0.577821  0.753470  0.127811  0.993615  0.267508  0.050669  0.660198  0.474687  0.055331  0.275187  0.076299  0.251533  0.295814  0.014493  0.234237  0.413026  0.789093
0.231841  0.210971  0.798071  0.376294  0.893959  0.517731  0.058949  0.208894  0.749701  0.664431  0.758783  0.916327  0.949048  0.221651  0.495684  0.908820  0.024810  0.494604  0.957318  0.221354  0.998660  0.545562  0.626974  0.629877