5.818950  1.472778  4.203480  5.232950  1.233153  6.004942  5.667942  5.367031  7.097006  5.426775  3.795170  2.571835  1.271458  3.303376  2.633724  1.699914  1.859858  6.678549  4.831856  5.017762  0.718171  2.308057  0.771374  1.455075  0.256255  3.551184  6.077157  4.957276  6.396640  1.023382
6.419551  4.376089  6.471336  5.089348  1.065954  7.934564  4.001247  0.502439  4.426935  7.154476  4.716836  6.972904  3.881339  0.235603  1.842743  2.173948  2.453833  3.227959  5.583120  7.671248  4.457457  6.939588  1.908528  3.488052  3.002802  4.374130  1.159269  3.494613  4.314460  5.593896
7.644124  7.537205  3.084516  6.255774  7.327501  7.198603  5.631852  6.668838  3.862087  0.308407  3.425143  6.074107  5.638137  0.798195  4.566461  5.948444  6.184609  3.223037  3.121472  6.486174  7.171405  7.247462  1.721285  4.013533  7.426066  6.620535  5.650045  5.942652  6.792291  3.641274
4.671472  1.973316  2.321754  7.842177  0.136546  1.602320  6.204723  0.595218  7.453677  4.601792  2.009068  3.571206  3.791686  0.979435  6.211307  6.459994  5.925046  0.035170  7.667370  4.085552  5.419852  0.480268  6.584890  5.026526  5.898084  7.186578  2.722802  3.079404  3.906755  2.985053
5.958186  5.378055  6.957645  4.034316  1.024285  6.709880  1.592327  4.631595  4.137717  0.545453  2.866308  7.939883  6.396970  3.525043  6.435132  2.956785  3.248319  1.621998  1.464377  5.152040  4.979364  6.929514  2.874524  0.552281  6.114470  3.993892  4.970760  4.653170  1.750416  7.843938
5.296809  4.390592  4.284680  0.342732  5.590981  5.504157  2.652777  5.214539  6.011665  6.977830  6.105199  5.076218  5.338568  4.844063  5.718515  4.029031  7.645063  1.489367  5.249290  0.843324  6.976067  7.700832  2.603514  0.495118  3.854940  5.044652  0.108321  7.790196  4.981942  1.769285
1.936816  0.037853  6.275881  2.277441  0.450919  6.213026  7.449598  6.312644  7.891156  3.772085  1.599051  3.357686  7.756447  5.264139  1.824783  2.343848  1.380936  5.106255  4.693634  4.621332  5.629040  0.367564  3.387627  1.242898  5.293891  0.133795  7.676018  1.964279  6.698463  4.000318
7.385545  6.966492  5.162699  1.468369  2.832999  1.156748  4.414035  0.495668  3.723286  5.006192  2.682780  7.179215  3.305222  3.234313  0.137864  5.524616  7.116347  1.251376  1.482535  6.482835  3.437137  1.121838  5.943653  4.911854  1.614021  7.913229  6.552278  1.847275  6.699705  1.646581
5.527325  5.442443  4.398331  3.666015  0.738114  5.165268  3.092110  1.096697  1.635709  0.315462  7.765078  1.161885  7.706999  7.652459  3.928722  4.481414  0.419542  5.900887  0.193280  5.075472  0.789247  5.126984  3.917564  4.649112  1.117043  0.455933  5.409237  5.834519  3.104733  2.326652
6.436536  7.419561  5.474302  5.457127  0.351472  4.192794  6.379024  1.919963  1.913642  6.886572  7.308728  0.204348  6.942804  7.801540  1.855716  1.867237  7.217469  1.047310  4.621822  2.353091  6.575797  6.935707  2.711205  2.788077  3.964169  3.914512  6.667516  1.031206  0.217842  2.531222
3.378147  4.991440  7.647199  4.267870  2.382322  7.196359  3.042114  1.689549  7.183867  0.824554  5.496065  7.200821  2.583553  7.890462  4.490661  1.805768  7.709954  1.996926  6.970313  0.618997  6.341859  5.047330  6.675866  2.476464  3.279296  7.535706  4.795030  2.846589  7.934328  1.509807
0.026550  6.343624  5.976813  4.028644  6.444099  5.496867  2.784406  6.912620  1.084938  4.030841  0.610125  3.810894  1.977456  3.763114  0.794880  2.087201  7.360768  4.328041  3.016415  0.751921  0.138601  4.286211  1.480181  2.644731  6.148771  4.781000  1.121731  5.298750  2.618612  6.755150
7.304253  4.393660  0.215780  7.841895  4.158983  2.431814  4.392916  5.396684  1.630232  3.247950  7.263722  5.737137  3.450876  6.189650  6.037060  2.510410  3.688201  4.282284  0.074738  3.208746  2.164042  2.418697  1.927740  4.205495  2.967258  0.590511  4.244676  5.285507  1.440602  5.404432
6.235331  2.495321  1.438143  0.603545  4.411223  3.240158  0.313434  0.040114  4.614171  5.906286  2.012697  0.523005  7.882906  1.888870  4.811368  7.189368  1.496851  6.757019  7.646369  0.526816  0.575230  5.389258  3.660585  7.898871  6.898756  7.264254  1.490054  5.403036  4.160186  0.693176
5.988448  0.117384  0.639112  4.631610  0.497492  0.268157  5.335401  3.810552  6.436028  7.577382  1.884788  5.277535  4.894480  6.026128  2.119152  4.040505  1.085571  6.495532  5.923098  4.358662  3.916158  1.224347  6.077518  3.325993  3.609161  1.748266  0.069860  4.744822  0.218602  2.962885
1.389911  5.888257  5.044815  6.178709  0.618957  7.601966  1.370996  1.513169  7.659232  7.297290  6.606276  6.691192  6.739656  4.739252  0.834604  5.302401  3.372907  2.134594  0.932748  2.789628  1.227926  4.876534  4.834826  6.919940  4.921054  7.404477  3.184817  5.215974  2.018009  7.988523
3.532557  2.801914  6.078027  4.850126  3.392820  4.345042  2.360504  3.881848  2.901116  1.250298  4.853589  3.330724  1.463902  7.991916  7.573192  1.161280  3.714997  3.442717  2.619966  0.415849  0.254010  2.288209  2.270877  6.741368  0.056681  0.089230  6.421026  0.353405  2.111091  3.283414
3.980471  6.059735  7.747761  4.392316  3.369839  7.567342  0.295714  0.927616  1.047590  4.148281  7.110643  7.966361  6.040868  4.841409  6.685401  7.091791  6.740902  5.718548  6.467058  4.372837  5.763036  7.345196  7.168887  5.281952  7.460474  6.417499  2.779637  2.927484  0.719924  5.658706
2.136576  1.703401  0.956382  5.409951  1.842808  5.435686  3.763343  4.951714  3.473440  3.331322  2.463816  3.443920  6.429260  0.512343  0.846544  1.474162  5.460605  6.643973  2.660945  0.555128  2.798216  0.142454  0.983296  3.513841  4.991881  2.674726  7.355784  1.566921  1.971782  1.138670
0.639102  5.977603  4.511485  6.039205  2.808313  7.541841  2.185604  4.152080  7.460792  5.752362  5.079204  5.593772  4.594104  5.341116  4.920099  0.892460  6.250738  3.002129  6.969246  0.381609  5.915695  1.448305  2.918494  2.214254  0.091958  7.557333  5.209037  6.522651  3.267979  4.213355
4.597939  5.724514  5.530340  7.552677  1.464210  2.703611  7.363833  4.673317  1.259932  3.569080  2.720253  3.469778  7.676029  7.924359  5.226266  0.105976  1.506313  5.053216  3.439780  4.740841  2.857515  7.156894  1.353305  2.472633  3.267073  2.752981  1.881835  0.069623  6.454500  2.573164
3.861899  7.906308  7.846227  4.773567  7.127405  2.625929  1.677882  5.997989  7.517068  1.401594  6.392009  1.810859  6.207172  1.269890  4.213323  6.243327  3.552562  0.862424  7.197631  3.672470  4.657768  2.962284  5.714629  2.980132  0.189265  2.664002  6.238851  1.914500  5.478901  1.517133
3.487079  0.804075  7.757615  4.885139  5.354626  5.250262  5.397617  5.852843  1.766942  3.151348  0.330266  6.367251  0.477057  0.387237  1.345939  6.898127  0.003439  7.720822  3.771264  1.756266  0.316921  4.948497  2.058132  4.308956  1.549390  7.058805  6.107971  2.683698  1.911010  5.134854
1.693849  0.152810  6.166811  7.962638  4.131991  5.243117  3.437536  4.783980  2.393408  4.716448  7.753695  5.359403  6.135358  1.918295  0.705855  6.482749  6.671445  5.593474  4.698236  0.315968  4.688220  2.119252  3.726758  3.389051  6.555197  5.207933  0.266748  1.836628  7.364282  3.482465
7.769573  6.419335  6.373660  1.930198  4.431523  2.104606  7.320248  2.091486  7.312344  5.458115  6.103887  7.941381  2.544877  4.823639  1.635523  3.774226  7.291313  5.245705  2.180651  7.002543  2.265647  4.315916  7.318413  0.633138  4.055980  6.600427  0.675746  5.284929  0.144365  7.032618
2.885085  6.964571  6.435972  5.631538  7.753164  2.417491  7.273391  5.133299  5.417523  2.723530  1.325982  5.599129  4.306402  7.907948  3.408217  5.790367  7.006747  2.690094  2.195025  6.077254  1.684145  6.093631  2.966236  5.874917  0.487527  7.493747  0.926255  0.076525  5.410582  6.778358
2.309178  3.680152  6.370858  2.651867  5.393606  3.782429  3.806599  0.711602  3.715507  5.338663  6.880437  5.778630  3.181494  1.565623  4.418100  1.066189  1.448998  1.589796  6.999389  4.120566  5.853837  2.920446  7.157706  2.070782  1.329763  4.553379  4.433506  2.575035  2.178642  1.987910
5.066089  7.953400  3.213957  4.166031  4.397230  4.347851  2.714408  0.319407  1.599177  7.352225  5.788440  1.936333  1.128649  4.406330  0.164594  7.537392  3.347493  2.349939  7.086622  1.675087  2.039740  5.883988  7.906407  0.549291  5.093869  3.287852  0.131746  6.856932  4.408120  7.593151
5.100152  7.970875  2.115797  6.516061  5.113873  4.269543  4.516546  0.801730  2.785401  0.415363  2.638646  6.235893  5.506799  3.606698  1.146429  7.430400  7.370231  5.304495  7.346019  5.590890  1.531167  4.661420  5.331590  1.826443  3.919768  2.857829  4.853486  2.162571  4.370023  5.775487
6.278526  0.270500  3.650312  1.916506  2.051942  5.027235  4.543058  1.201526  5.359429  4.372483  2.035270  0.257746  6.226850  6.530046  5.845792  5.033960  0.084213  6.512896  7.929151  0.056310  5.859604  1.932654  2.259959  5.365054  1.957785  3.485821  2.115891  3.149184  7.017286  0.090603