2.931399  0.221058  5.182236  6.598052  5.510888  1.984079  7.401187  2.125597  6.477645  3.105701  2.203297  7.077537  2.775080  3.183988  3.197504  4.370229  3.619031  4.071559  0.988883  7.595687  7.223990  4.768123  7.280523  4.047871  5.341013  2.449946  5.920524  2.457802  4.852674  2.524213  3.252741  5.219994  2.709490  3.697752  3.793973
7.619228  4.781296  0.401226  6.174386  6.543263  4.736132  2.511374  2.441981  6.393649  7.848241  7.165538  7.246007  4.383349  0.675851  1.564182  6.078275  1.136473  6.838492  5.008759  1.665386  7.481953  7.662633  1.023768  6.768964  4.559571  0.253500  6.263468  0.065016  5.833316  6.590015  0.005231  1.437648  6.333602  3.528815  4.383111
5.936391  6.426438  3.142432  5.116748  5.810463  0.634205  3.605715  3.342306  7.447373  2.509281  4.883694  3.253681  6.707313  2.288267  4.763098  7.613813  2.058859  1.031187  3.308846  1.797464  4.085555  5.176555  3.615865  0.878407  2.347033  2.919776  3.765650  1.375531  0.242365  6.548937  5.186070  7.623918  5.437418  0.848556  4.151953
0.338529  3.582047  6.908458  1.953067  5.789679  6.457006  5.151515  1.295178  4.111060  4.354542  1.120501  7.788907  4.612628  2.410696  6.540936  1.920199  6.572216  1.771366  2.403311  0.685252  3.831334  6.888308  2.284675  1.111843  0.622142  3.905248  6.856105  6.178027  0.404167  2.008401  6.499171  5.178266  5.090891  3.779704  0.181037
3.376089  2.897892  4.005170  7.214428  1.821468  1.145808  1.054811  6.255254  1.500141  7.702913  4.864651  2.867212  6.521177  1.353705  4.715410  3.209306  4.838156  5.231433  2.416494  4.878729  4.038370  4.554065  2.168010  6.668152  2.023551  6.254772  5.287555  6.973022  5.944664  7.699536  2.152631  5.811009  5.542368  0.536095  5.123553
3.892343  7.083845  7.819957  4.875836  7.906305  1.375703  1.914805  6.485042  0.165741  1.871771  1.266173  2.771207  0.977976  6.683647  7.998833  6.823951  7.587133  7.340905  5.389880  5.293512  6.259361  3.436976  0.621106  4.946941  0.059089  1.835725  1.815760  3.152813  2.090947  5.902847  3.216412  6.371826  4.458592  2.265265  6.462148
5.394762  6.918207  1.890743  5.274930  3.983312  4.181025  0.819038  1.466484  4.733349  3.045792  5.664930  6.028668  2.394303  6.018625  4.052578  2.171805  0.542326  0.804315  6.429661  7.527066  4.419024  7.029659  3.248875  6.330514  2.911587  0.785984  6.293387  5.258004  0.064205  0.054582  2.961923  6.681692  7.174729  5.805338  7.618223
2.470469  0.444590  6.535405  4.648663  2.058190  2.314061  4.241319  3.660913  4.355142  1.029003  7.294544  4.295540  0.179759  6.649298  0.416956  4.411556  6.239132  0.623240  3.929391  0.945951  7.288464  6.216207  1.672885  3.536330  7.951130  4.496021  5.478853  7.034816  1.782631  1.241430  1.790971  2.330472  0.513218  6.054257  1.018119
5.436525  3.005588  0.119762  2.424283  0.587762  1.315589  7.473893  4.837897  0.132522  4.345424  2.300110  4.189653  2.292763  7.930431  5.692555  6.864373  5.404763  5.802055  5.486401  5.079100  6.042060  6.721216  0.170271  6.976143  4.461302  7.177806  2.559677  5.846336  0.100755  6.403650  0.824507  1.874373  6.400255  1.047788  7.627632
0.024628  4.713080  4.714537  0.545772  3.162420  4.418402  6.666312  0.607842  0.232261  0.585101  6.344799  6.700030  7.291189  0.170656  3.965578  1.750937  2.421835  4.410567  4.292908  4.024190  0.026451  5.186666  4.802911  1.509959  7.729677  2.404833  6.794979  3.320908  0.094395  4.250802  4.612774  1.162168  7.581585  0.694418  1.987769
4.358951  4.661640  3.651764  7.619819  5.589537  7.711182  5.503663  2.460843  7.385381  5.305980  1.208072  0.769224  3.624185  0.747109  0.033011  1.854143  1.655812  5.134098  4.975684  1.530564  5.365010  7.025321  5.222527  5.657222  5.388967  1.702503  5.543995  2.731464  7.871753  1.282727  6.306932  4.366389  1.551822  6.397936  0.826463
7.577297  2.642759  0.888431  1.068386  7.156005  7.881546  4.933505  6.252115  6.013155  4.282680  1.268818  3.693281  0.220205  1.550525  5.616789  1.264179  1.584363  1.766369  6.182738  0.139277  7.941263  4.880690  4.046164  5.032101  7.951775  7.705214  2.503039  4.918853  5.040879  0.513416  6.891605  4.283184  0.218108  7.022160  3.160699
3.205607  5.870625  2.441241  3.416206  2.160110  0.221559  0.441682  3.907798  4.169559  2.997792  3.307645  7.394677  3.010591  4.952952  4.200942  5.555602  1.447708  5.242910  0.381146  6.085060  6.015395  5.252685  5.388386  7.343975  6.656098  3.325168  0.609970  6.909923  2.561009  7.943694  2.316041  7.098409  3.849630  5.272000  3.163529
6.503270  6.263170  0.556717  5.331742  5.830888  2.835884  5.749078  7.866968  4.779425  2.547533  7.804084  3.477563  0.440855  3.249193  3.466967  3.935030  4.680148  2.693717  6.958295  0.400676  6.172522  3.291218  6.820689  7.411484  4.256207  5.248977  7.291633  0.922913  0.484787  5.044284  1.918450  1.720377  5.739689  5.717753  0.733068
7.675263  1.989991  2.263712  3.155771  5.735341  4.263271  5.433359  4.898681  1.203561  4.117769  2.555410  4.491285  7.773224  0.882723  4.518036  5.651891  6.951622  5.160264  1.844965  3.580444  1.918289  6.558877  5.837645  0.349707  2.528061  2.354920  7.044491  0.923379  5.083223  5.755326  2.857230  0.931262  4.663059  3.661136  4.823481
6.183181  7.213217  2.308083  6.303724  2.004897  5.261319  0.887012  0.389912  5.830836  1.039361  0.223479  6.542014  1.090010  3.957459  1.822444  4.187851  0.273065  7.787604  6.060520  2.570654  0.169958  2.580108  5.034817  6.417823  4.619337  1.249535  5.553975  6.543444  7.712234  4.930927  2.983544  5.286171  5.244282  2.621224  5.134431
6.723144  6.312182  3.284837  5.109703  4.889684  2.301766  4.516385  7.001576  1.773565  5.116497  7.017680  2.557025  4.641717  6.346880  0.560103  4.406951  5.296290  2.182759  2.767572  6.180476  4.146069  3.222084  6.969375  5.802425  1.518272  3.931258  1.536196  3.498686  1.424868  7.363768  4.526723  2.510643  3.036563  2.845344  2.136296
2.246480  4.406708  5.685463  3.353119  4.573699  3.526421  0.576571  6.391598  2.183753  5.581285  4.193971  2.886476  7.436277  4.319045  5.610870  7.495435  2.816942  7.726794  7.494653  5.471963  2.119521  7.755191  0.652014  2.934303  4.689350  6.616327  3.342126  3.970373  7.541869  0.220914  4.878611  5.382619  3.896564  6.609525  2.392618
1.790819  1.643119  5.771694  6.230887  2.974910  5.483221  3.035731  1.314240  5.753992  5.967959  5.251182  4.883500  6.361702  3.377373  3.274905  3.411408  6.192237  4.365229  5.810837  3.060647  1.955346  4.518699  0.442533  0.919688  0.692691  2.459146  3.736680  2.349693  0.772032  0.836815  7.584796  1.127288  7.889744  0.548760  1.489434
7.669599  6.276256  2.735929  6.290242  4.479469  3.713059  6.591873  1.864295  7.050377  6.633965  1.742101  1.624210  4.822113  2.497416  1.929695  0.176569  2.379834  2.780650  3.969337  1.292264  3.940702  3.360619  6.408457  5.379456  0.273845  5.710632  6.060801  2.938867  2.550957  4.255716  7.554257  3.020201  2.226420  2.393788  3.261351
3.487577  3.897384  0.103789  0.457375  6.940873  3.195801  3.725962  1.277693  6.428984  4.115988  3.413565  3.022311  4.630032  1.782842  1.919330  5.582371  4.962654  1.517389  7.794081  1.239795  3.131517  3.157931  2.738944  3.817856  0.899330  2.946599  0.766680  5.137024  0.416616  5.892689  3.991725  6.956991  1.229635  7.375718  6.282561
6.062361  5.125864  5.852713  1.674146  0.876018  0.265526  4.885779  3.352152  3.960774  5.586719  4.307595  3.184853  5.996469  5.260755  7.194007  1.192550  3.296226  7.013374  1.414484  5.008484  4.652147  5.416587  7.882743  1.299272  6.277309  1.794933  6.231428  6.276921  1.837450  2.179013  4.486272  2.848581  2.042333  3.778233  0.416754
3.614240  6.993304  4.733728  0.591811  1.836617  0.460152  7.451534  2.770731  2.671600  6.486932  0.605101  4.110915  0.361606  1.202951  6.935338  7.775770  3.758326  6.441731  1.265409  7.877532  4.455376  6.747263  3.686595  5.291409  0.975425  3.573489  0.660571  4.728977  6.870447  5.959457  5.822530  2.560331  4.257805  7.689203  6.558635
3.226061  1.228931  0.921945  7.970350  3.681670  7.731429  1.504745  2.627267  4.168634  3.939504  7.656368  6.549085  7.707851  5.791659  5.437621  5.146503  4.062787  6.288689  3.400001  3.389801  0.521214  0.309044  1.031088  4.262992  5.695958  5.112709  3.091628  0.600448  5.646675  0.368802  4.665856  5.692005  1.976211  6.456158  1.723146
7.581582  5.156673  1.950237  1.215648  6.773436  5.191911  2.623732  1.213136  3.099218  7.824645  0.952353  1.302849  6.788071  3.848070  5.031283  6.458662  5.321066  7.683299  6.971906  7.810511  1.440347  3.235599  1.262435  5.221534  4.722388  2.143909  3.240150  7.306951  1.413874  3.889717  2.737020  4.505306  4.767736  0.832905  0.124522
0.039196  4.905957  6.093777  7.397576  6.079236  1.274827  6.301992  3.601520  4.151526  0.047374  2.584745  7.820169  5.805472  5.366785  5.768055  2.107022  3.785369  3.113656  3.616598  1.155769  7.425714  0.919020  7.039104  5.170295  4.716789  4.434120  4.537868  7.308455  3.463595  1.406983  1.782500  1.237948  3.187820  7.904912  0.039616
7.756681  5.899033  5.061053  5.291712  0.094078  3.587907  0.012296  7.230044  7.423857  3.270811  1.234792  3.907872  7.282847  6.641680  6.272450  5.692037  0.004496  2.863627  6.892847  3.252348  3.939766  3.759342  2.994021  0.679852  3.152186  6.635865  2.124717  4.426619  7.437905  7.205892  6.269674  1.611223  3.935614  3.544341  3.590650
1.335674  2.255311  3.745450  6.102902  6.011123  0.968920  6.922269  4.805927  6.291200  4.469847  1.416933  7.576338  1.063441  3.622608  7.566707  2.169767  1.050802  5.287742  5.097323  2.967823  4.926813  2.721278  3.191712  7.645114  0.449517  5.012073  6.508785  4.720473  3.970868  1.134427  2.903483  6.995551  1.779852  6.857433  4.325885
7.173005  4.089132  2.666557  3.353714  0.485599  3.076613  2.017055  0.039152  2.956561  0.244842  3.652857  7.227431  0.950635  3.462769  3.388616  5.231241  5.964296  6.405920  1.666704  4.721540  2.142700  4.712603  3.364981  1.921937  2.799958  2.025360  5.745220  0.670355  4.258424  3.188390  5.096152  7.638268  4.611727  5.223273  2.539154
3.974351  1.555341  3.306870  6.628641  6.865956  5.217564  4.826838  2.793329  1.988381  6.962826  5.691753  3.328550  0.538467  5.428304  5.424422  6.563904  0.525620  6.593912  5.168502  3.994577  3.219913  1.474756  1.590105  7.578700  4.133489  3.064240  3.757665  2.067229  3.638051  5.445061  3.434861  7.146847  5.297785  4.524382  5.822980
5.340468  2.223621  7.638551  5.640661  2.023998  5.231302  2.311795  4.530519  5.582044  1.312297  0.742360  2.133720  0.639351  2.903159  6.128659  2.775120  3.468781  1.665469  3.737040  6.553173  4.090748  2.965112  7.651833  1.730352  6.243045  4.966139  1.437434  0.671394  2.314086  7.231086  1.481203  4.178261  5.496657  7.946147  5.575052
6.922234  5.833290  4.366170  2.332646  1.775162  0.488498  7.801013  5.328194  3.193420  7.497110  6.441353  7.381885  5.409705  6.402056  0.548612  1.206087  0.039359  2.608981  7.010214  6.665463  3.809478  4.949157  3.987956  6.193269  2.470605  5.856195  1.363847  2.445102  1.552405  4.726150  2.914314  4.060482  4.476239  5.444651  3.620253
0.441687  1.639165  4.728773  4.246946  0.748313  6.435402  4.845406  5.304460  1.845133  7.782907  0.431964  7.725664  2.729843  7.574245  0.559309  6.075604  3.006379  3.572496  5.840868  3.832505  6.258548  7.624535  2.305936  1.257251  3.717757  3.665539  2.919272  0.594752  3.407709  5.840175  4.043101  4.827171  2.987997  2.167461  3.801750
2.925539  4.807566  3.527879  0.223181  4.522853  3.218106  5.352848  5.195735  6.158323  0.986485  2.248261  7.692507  3.718980  5.684380  1.885337  0.379784  3.431435  2.222375  7.843586  7.640072  2.733132  6.234786  5.692290  0.204295  0.578995  2.810609  4.448421  4.001804  6.215961  2.104987  4.650498  0.500902  2.184409  5.654701  0.639461
4.726657  1.282091  6.760230  2.239174  3.306821  6.452729  5.085982  3.880754  6.310767  5.037984  7.669379  5.316481  1.310379  0.558098  3.818535  5.420590  0.005927  2.163035  3.917313  5.175844  4.923997  6.122551  5.945635  3.796301  4.108626  3.200139  6.561962  1.038300  1.390846  2.482409  1.883934  1.103218  0.735902  0.211975  6.642215