5.137127  1.331467  5.398522  3.171659  4.184041  1.494269  6.459270  5.742966  2.551013  2.136558  4.866613  3.027064  0.894871  4.447953  0.757284  6.023528  0.942012  3.612227  3.683960  4.573376  3.604146  6.792699  7.166761  2.615686  3.354531  5.283913  0.428691  4.636507  6.080741  7.641390  6.675612  7.297621  3.231601  4.765268  2.507909  7.021762
5.927480  1.327738  3.527565  6.349968  6.804689  2.598217  4.930930  5.175803  6.716304  3.634287  2.854038  5.500249  2.013289  4.970468  0.463860  4.140121  3.981353  3.350983  2.265489  4.861942  3.110555  1.716706  0.821770  1.702253  1.226205  5.570564  6.058481  4.774417  6.111209  3.009734  2.554722  2.651013  0.101525  7.127010  0.694728  1.450013
4.237998  4.147807  1.283894  6.041967  6.909380  2.583317  0.208358  5.334488  6.522920  5.844398  7.944045  3.379421  3.590453  1.174830  0.197649  5.087095  4.719500  3.426664  6.688583  3.621158  1.350433  5.114399  1.057491  2.086546  3.682344  4.348853  4.113484  6.912180  1.081797  5.665594  7.108819  2.369095  0.370224  7.426897  1.456303  2.953701
6.737267  7.390246  6.281268  6.905008  6.628959  7.200452  3.426530  7.913650  7.811169  4.976545  1.005297  3.119654  4.910322  0.828626  3.323555  3.784922  1.084955  7.053962  2.970046  2.565485  0.083237  0.925649  6.098470  6.097637  3.793137  3.401230  2.403157  3.651131  4.493508  3.742735  1.015972  7.891652  4.365875  5.953648  4.528817  0.333891
3.428334  0.102388  5.572616  5.855571  6.904479  0.015948  3.860280  7.681838  6.141864  6.491392  0.327661  4.538523  7.546076  4.086980  0.983107  5.211810  1.598028  7.718751  0.302769  0.540926  6.873678  6.702460  0.485381  4.909528  0.086912  0.544814  6.606799  6.590520  4.527916  6.702039  2.691143  4.838099  7.870910  1.687846  7.941947  1.409896
4.176682  1.326939  3.853298  7.241133  0.016922  5.614286  3.647484  5.281778  2.998932  0.554395  5.462254  2.046757  6.570823  7.518951  5.937348  3.218318  5.838900  4.075181  3.326519  2.678744  5.230481  0.901428  4.987824  7.640631  2.186969  7.320433  1.081534  7.081032  3.673550  5.144909  2.531577  2.474847  6.143457  0.944056  6.782970  6.861857
0.696304  4.503715  5.614286  0.570909  5.521557  2.166934  5.240749  1.463784  5.319755  1.905767  2.170113  0.350378  4.245695  6.389215  4.750044  0.265851  7.019303  0.976242  6.072291  5.589492  0.201539  5.476906  2.875493  5.524097  0.234175  3.688672  5.315032  2.243723  6.693926  5.129043  5.944890  3.056727  0.312897  1.049740  0.983060  4.220101
3.668945  7.731665  6.908599  5.580138  6.051053  0.224009  6.664974  2.003529  2.856431  1.104867  4.220939  3.602095  1.977577  5.504848  7.966712  2.043357  4.989122  3.549162  2.399795  0.778268  7.545833  0.537798  3.781368  2.806459  5.254718  1.597409  0.920695  0.638411  6.385725  5.202628  4.971603  3.403068  5.137110  2.878565  4.101616  5.588409
6.773097  2.560335  4.120902  6.691609  6.803015  4.499492  6.634761  3.094462  6.472670  5.271333  4.009931  4.768789  0.190268  7.351090  7.421557  3.955647  5.110755  4.891084  2.474241  0.751189  2.954030  0.744992  2.367127  7.571102  1.234013  5.449423  1.299572  2.754613  7.427152  3.787078  4.790485  3.108100  1.210486  0.719820  4.810999  7.977439
2.750950  3.894050  0.106701  5.477240  5.129181  4.584837  7.812183  4.794223  2.332641  2.859330  7.437294  7.021027  0.854423  5.904023  6.530962  6.765809  0.785691  6.874520  6.805092  7.822074  7.391251  1.290505  4.227546  6.472192  2.509317  6.912681  4.569818  1.537187  2.718098  5.202517  1.121556  3.074381  2.063404  5.879678  7.760646  3.663578
5.243007  2.756119  0.294161  3.511527  6.495085  6.939836  7.961985  3.143456  4.039628  4.665365  7.221566  3.239541  7.773223  7.422175  5.408727  0.213243  3.019257  5.716151  2.596093  2.417475  7.487059  4.713445  1.947226  7.403681  6.195153  2.180014  6.091113  3.447905  5.965270  6.544243  5.518247  4.597054  5.195399  1.574117  6.726072  1.777566
5.971683  0.074436  2.818135  1.047798  0.180533  0.173681  1.487869  7.864492  3.133904  4.184153  2.794457  7.272736  7.322234  1.683100  1.864830  4.217913  1.261107  3.376596  7.632374  1.717191  7.999277  0.472004  5.949529  7.417149  4.707227  3.698914  1.887974  3.103232  4.867031  6.782512  7.766705  7.015763  5.935820  5.087396  4.424836  1.366299
7.956740  1.313926  5.482533  3.237220  4.442831  6.543232  5.810065  6.086447  7.960839  4.591115  4.151484  7.368293  7.193520  2.545080  7.826048  1.320485  3.860559  0.522843  2.657037  6.756479  2.729804  3.104715  7.754183  5.741229  2.052058  7.556288  4.502494  2.317662  7.104248  7.871983  4.086832  6.990142  2.127346  0.833998  6.108131  4.460293
1.796981  2.695327  6.323747  5.149605  2.466244  6.759545  6.270956  3.332307  1.771758  1.044124  1.509214  2.241057  4.795623  5.378116  2.443312  3.297056  5.827444  2.699094  0.166178  0.655273  6.872182  5.978300  5.486576  5.544493  7.401148  0.117025  6.283580  3.421019  6.445013  7.321306  2.556205  0.743856  5.979276  4.876059  6.013179  3.218331
1.654195  3.903887  7.774387  3.644112  1.272736  4.607800  7.732085  5.042683  7.021680  1.661195  6.346530  3.528399  2.312562  2.822485  0.127272  1.426270  2.190711  0.515829  7.777855  2.428730  5.622189  0.033477  0.958311  5.122683  4.570021  7.179327  1.846330  3.007188  2.622643  0.587314  3.154578  6.161205  3.039077  7.612351  4.988213  2.009890
6.426895  3.605586  2.903178  2.176990  3.870599  6.549804  2.752432  7.199942  2.179614  2.444868  0.383851  4.923365  2.026623  3.497151  3.980067  1.675657  7.098594  3.080981  1.807097  7.872522  4.984340  0.604174  0.365178  5.480271  4.374079  1.823807  5.411764  5.810827  6.247978  3.822418  3.053233  2.409418  5.082256  0.768928  4.078381  7.335012
7.702966  4.752582  1.933386  5.922601  6.269153  5.392332  7.214438  7.155502  7.968631  4.588097  7.280841  4.064929  7.361202  6.694429  6.567907  7.113112  3.905687  7.561153  7.405578  5.305346  1.058711  0.299642  4.625227  0.815377  6.434749  1.297408  5.963671  1.197620  0.868489  0.917805  2.250015  6.798759  1.822143  7.485644  0.587449  7.770334
1.431894  4.573638  4.218750  5.122991  7.589240  0.268614  6.490760  5.552135  1.804530  5.010526  7.309676  2.303785  6.201589  3.761329  6.705583  0.138480  7.843859  4.674878  1.601179  3.490182  5.694068  2.103038  0.606237  3.206139  3.860974  2.687289  1.635893  0.792776  6.388337  1.449146  4.377431  7.881707  5.692780  0.206782  6.106767  0.669065
6.858815  1.309330  3.082426  2.370361  5.350834  1.594352  2.721364  3.272187  0.303447  2.638087  7.987527  3.751126  3.403101  7.782089  0.900631  0.669275  2.475501  6.083986  6.799189  7.844895  7.244862  0.254110  4.968386  6.835703  2.332660  3.803844  4.469958  1.061452  3.415039  4.045559  2.487789  6.331449  0.559641  2.248114  2.229521  6.131750
2.114176  0.165926  4.401018  6.565847  7.120597  3.323697  4.497090  7.631687  6.080333  3.852930  7.628441  4.556961  6.997566  1.340454  1.331397  5.203646  5.979137  3.063215  0.783485  1.091843  1.271190  7.147659  4.074531  4.382033  2.464248  5.606121  7.659502  5.193915  0.699984  0.866642  5.845869  4.929067  1.064479  5.326766  5.144838  5.803732
2.954375  4.625871  4.542360  0.587078  0.053830  7.744692  2.222387  1.579375  2.661795  4.704731  4.001407  6.153556  1.460681  1.554332  0.709862  5.722723  5.419034  6.492240  6.982592  1.785208  5.372400  4.393543  0.397041  0.737853  2.928156  3.666957  7.624500  6.437263  5.691598  1.286453  5.236234  4.027815  4.412177  5.004333  1.032899  6.344288
7.500313  4.166874  5.242225  7.236047  5.466795  0.217755  5.656500  2.448750  0.188335  6.888537  6.757933  2.238652  1.504391  4.239522  0.106584  2.683587  6.501958  4.128385  1.742049  4.693825  2.946577  1.348030  6.076713  3.015033  1.669377  4.589192  0.734895  4.054637  3.321522  4.547375  7.018798  3.151945  2.759009  2.907738  0.158753  2.951464
5.422315  7.605672  2.231755  0.827884  6.426962  4.674808  4.608922  6.850290  4.682617  1.158296  2.019015  6.562203  7.209926  0.973254  2.791742  2.893134  6.925838  2.282326  3.571136  2.806381  2.519713  6.840379  5.765844  0.826864  7.644114  0.948422  5.229748  5.381873  4.495712  0.060876  2.142871  2.926635  5.963303  0.756406  6.789114  3.115703
0.871509  6.696594  6.903922  3.820205  0.450281  5.360764  1.491523  1.580066  1.011907  5.759366  6.487972  3.119383  3.918761  3.992365  7.372788  6.842183  1.276617  7.433157  4.808509  7.764859  4.389906  3.482597  3.614096  3.130661  1.866848  5.251769  0.854646  2.990649  1.363971  4.196213  7.556444  4.324604  1.311068  0.638375  2.532958  0.814439
0.559235  3.279107  2.033930  5.171731  0.746166  4.213110  7.406288  4.960040  4.274464  6.627284  0.682147  4.141749  4.150281  0.274983  2.985778  5.118234  4.531163  0.983278  4.877911  7.821220  2.683538  6.864354  1.232374  3.452241  4.151858  7.566252  7.966596  0.756199  5.292943  5.812227  3.924048  6.254070  4.930671  4.642043  4.433317  2.648860
3.737692  7.182609  5.544997  3.657997  0.052423  4.439401  3.674207  0.814384  2.191136  2.514190  6.353067  2.317421  1.916521  3.818666  2.024044  3.804350  3.575657  3.267582  2.281644  1.951352  2.521892  2.099140  4.696472  0.102879  6.786709  2.884379  0.332269  0.666773  5.569188  1.451394  7.293074  7.801780  6.962263  6.864283  6.114232  3.963135
7.436532  3.260774  0.537542  3.160954  0.953914  5.266547  4.187378  6.325230  6.185054  7.868343  7.891194  5.960300  2.155899  4.041982  1.864394  4.310694  7.750453  3.095518  7.706085  1.549373  6.848275  1.601781  1.128817  6.038383  0.476848  0.958645  1.571971  5.501050  0.210507  7.029412  5.325009  3.983886  7.149172  7.979768  4.513370  2.775444
4.161717  6.341825  1.276365  7.988414  5.680333  0.499838  6.692968  7.300330  3.183840  1.206226  3.487984  5.387311  7.609432  2.400615  6.277622  1.874315  2.283945  6.518665  1.090068  5.164460  1.567247  4.641509  7.123217  0.299024  1.251962  7.250699  2.178291  5.038798  6.865264  4.017616  4.934613  3.646525  7.370070  4.970357  4.207394  2.389227
4.364491  0.545188  3.556942  0.568275  2.729999  6.443687  1.094248  3.924142  1.780301  2.880807  1.054507  3.551803  0.314485  0.723107  3.686644  7.001847  4.579570  5.180488  7.233524  3.031409  4.999142  5.128829  4.254053  7.508091  1.626341  4.804978  4.264961  3.259113  1.630992  6.529601  1.656608  3.196992  4.732281  4.277499  4.063728  1.842107
6.339901  2.329005  5.848565  3.401582  7.268167  6.900182  6.080463  0.852961  3.239181  3.563587  6.372475  2.020236  0.992657  1.435434  5.162167  3.418832  6.671601  0.519038  3.500340  0.685226  0.254604  5.258509  1.137935  7.695933  3.157054  5.270702  2.677988  3.019662  0.725147  5.387513  3.786032  4.135499  1.198140  7.554649  2.928914  6.889047
1.815840  6.797100  4.838574  7.947505  3.099904  2.375556  3.873857  7.553729  7.939066  7.422115  2.680051  0.668400  2.959988  1.757667  2.022335  2.628465  5.766986  1.257418  7.395949  0.739082  4.985441  1.045058  4.992414  7.755379  4.645276  0.960164  3.827719  4.999382  2.292440  0.157478  6.314944  5.896536  5.317894  1.360761  4.290347  1.005304
2.345171  6.207998  1.478521  3.152402  4.119134  7.288776  4.608767  4.075264  3.190118  1.888733  7.871415  6.012433  5.789217  3.120032  3.129371  2.971590  2.642019  2.030877  5.276730  0.944042  4.069670  7.451147  4.362877  4.123516  4.577721  2.745304  3.577031  3.226190  3.234729  6.307759  2.914780  6.297940  4.494209  5.549987  6.324691  3.933865
3.715040  0.292700  1.359660  3.624180  2.487030  4.890486  0.834220  5.979681  4.969885  3.080358  5.715589  4.878984  5.805391  5.459743  3.452807  6.118864  0.764202  6.663476  0.174874  2.938045  1.140157  1.723455  6.665341  5.823860  0.006635  2.758653  0.747414  6.300275  6.801016  6.057258  4.690148  7.934826  4.304867  7.776774  1.472892  6.591072
4.939050  5.901973  4.221711  5.992248  3.394495  0.764644  4.858069  5.950848  3.970966  4.343178  0.976603  7.157939  3.597682  5.724048  2.195426  6.215064  3.361241  4.521339  0.698895  3.630666  2.467852  7.714523  3.419406  7.792010  2.918426  0.278760  5.281293  1.462655  0.776668  2.146047  2.156498  4.144595  0.761853  5.449600  6.658235  1.683225
0.999537  6.667943  3.625420  7.782391  6.115016  4.199204  1.127226  6.635802  7.455916  3.060207  5.043657  1.670178  7.081848  2.819003  6.754632  6.434559  5.260635  2.533537  4.196586  7.959246  3.562167  5.383229  4.522208  6.446943  1.242521  5.844296  1.825455  3.947697  1.462529  1.673698  5.870585  6.708316  3.986547  7.630679  5.490459  1.176002
2.358743  1.778907  3.295998  6.174991  6.155773  4.376304  4.565163  5.564070  0.766295  1.773698  2.656467  2.721888  2.249313  7.407510  0.018520  2.496055  3.174927  6.885741  1.843719  1.791067  4.952598  0.330587  6.640743  0.759182  5.003640  0.555080  6.477065  0.597401  1.236167  6.315201  3.369269  3.242819  7.632339  5.792996  7.275516  4.797614