1.241318  2.322304  6.128829  6.499806  5.687730  0.759742  0.237031  2.316769  6.791167  5.643427  0.736342  5.692922  0.660913  6.337626  6.811294  0.587090  5.717795  5.445200  1.860167  1.318225  7.234462  6.170602  3.380226  0.244828  2.494124  3.842393  5.981794  7.755874  0.098248  0.424634  5.737440
2.359611  6.117795  5.073049  1.861649  2.508173  4.196651  5.268438  2.755403  2.897522  2.379941  7.786370  1.739149  2.333759  0.354015  0.738752  1.336709  3.858461  2.948908  5.149437  5.761752  2.677205  1.168191  3.002582  5.297476  1.537050  0.675159  0.429044  7.549270  6.550285  3.578374  1.672668
1.089125  7.063319  6.523632  7.704861  6.799677  3.021151  6.513525  0.832428  1.264791  4.379430  1.539772  1.370213  4.842680  5.467662  4.027601  4.426619  6.596607  0.808686  7.255521  4.076694  1.047282  5.751130  2.327850  4.673972  5.750120  7.373069  7.941489  0.778883  1.989610  6.466726  7.102426
2.158052  5.422083  4.015574  4.111573  0.535410  1.287244  7.426793  1.553570  0.252588  5.847887  2.883570  6.686259  1.722615  2.006294  0.533321  1.542605  6.537529  6.584851  4.829447  7.220876  2.317056  3.547492  5.195831  4.253001  3.862067  1.477663  6.284803  1.605032  6.903117  4.917523  2.450921
0.777753  7.710889  3.712187  7.664410  2.639498  0.061965  6.291877  3.939722  1.037329  0.529897  7.863900  0.456217  2.896779  1.798096  0.775439  5.899511  5.434428  7.667653  5.847212  0.153645  3.271630  2.659737  6.267096  4.325739  3.651812  5.588796  7.671913  2.186404  0.627761  2.209345  5.334588
1.460712  2.999452  3.015683  3.912999  4.006107  5.946981  0.500451  7.005868  7.765193  2.717237  5.654499  0.800123  6.482913  6.387043  2.217099  6.383215  5.529156  0.639503  1.162093  4.832935  5.769457  2.654416  7.132141  3.986353  2.277946  0.627625  7.009787  3.828539  4.788316  7.098265  2.540622
0.730817  0.130116  7.176933  1.900403  1.307336  3.499257  1.931855  7.324515  6.447832  5.263154  3.604184  3.394770  3.123495  1.102523  2.987659  3.305056  5.851938  3.643384  0.221858  4.403948  1.246302  5.334405  0.412407  7.538924  3.862626  7.176272  0.905517  3.203425  1.598637  6.011344  5.708316
5.214519  2.186220  4.433394  2.460482  3.625539  0.858834  7.978826  4.526772  0.804587  1.064271  4.112308  7.194074  0.086374  3.132160  4.621305  0.620701  7.131446  2.094701  1.385600  7.099678  4.103370  1.398190  7.089414  2.361876  2.001056  6.031946  3.295322  4.058861  2.959920  2.640292  6.400712
5.229425  4.062189  1.472364  3.349106  4.467821  7.173175  1.563504  3.570216  1.675769  5.546943  6.331138  5.474178  0.694390  1.421330  1.807033  4.926965  3.776261  5.548859  2.016937  7.485539  1.771864  7.586635  1.557639  1.772876  2.068763  5.494884  2.210576  0.224550  1.735890  6.570367  6.470140
3.540125  1.989411  6.467427  4.153939  0.524180  0.010673  3.536040  6.801303  3.603324  1.310827  2.032767  4.355396  2.157168  6.250756  3.237074  1.663361  6.902725  5.989022  2.232062  6.617982  2.923336  4.044602  0.085196  3.303409  2.534714  7.825232  6.391197  0.296571  4.032324  1.886259  1.615808
4.314928  6.465837  1.348958  4.405734  0.690317  7.937972  5.821326  2.006581  4.687689  5.526613  7.328437  0.157216  5.476583  2.780624  6.173498  0.305521  5.602286  3.841383  0.314813  4.717056  3.092637  3.593584  0.757920  0.024755  6.875549  6.850442  7.626238  4.994282  2.971344  6.429987  6.987608
0.756294  6.963083  4.080705  1.178181  3.483379  3.537119  1.566328  1.279190  2.466017  6.425188  5.821165  5.566158  2.768479  7.868375  1.938900  6.164210  5.122124  1.762406  6.859375  7.807174  2.440142  6.932731  4.969397  3.512252  4.314317  6.526953  0.435228  0.146089  6.080995  4.301224  7.935919
2.272124  1.519951  2.616268  7.568260  1.333188  5.976461  6.247773  7.045647  7.137364  1.673408  6.654954  0.914749  7.779184  3.206839  7.140145  0.365419  4.542314  4.694944  6.371341  4.310839  3.993920  2.776982  2.028682  0.766474  4.395003  7.635259  3.874926  3.157958  3.715004  5.439816  4.339020
3.039599  1.953103  4.092037  4.740947  6.806764  7.132640  3.869971  0.575077  3.336942  6.249198  1.554712  1.808335  6.095883  1.616904  0.843742  7.938532  3.096732  3.471621  7.333706  4.597291  3.201677  7.353703  5.081663  2.771062  3.607160  5.707108  7.730389  7.252747  4.955296  3.295682  2.409918
1.725587  7.365669  1.451514  7.104009  5.919949  0.783273  2.834319  5.896856  3.572767  4.389907  2.294853  3.491852  2.458431  4.427896  6.599465  2.620850  5.548995  3.636587  6.186897  3.438864  5.400603  0.603617  1.792571  0.725757  6.152156  3.684511  3.689596  4.693009  1.061229  7.745751  3.459858
6.420222  4.291384  6.837996  3.622561  5.422585  5.704029  6.007704  7.111682  2.577080  6.697071  6.806974  0.507868  4.611775  7.671660  1.662989  4.094334  2.589112  1.497382  2.119987  0.220425  0.290664  2.385330  5.068277  5.120534  7.137388  1.867529  1.426352  6.250153  2.255979  5.120285  5.343734
3.364873  5.528467  1.658038  4.843735  6.982243  5.938804  0.463427  2.926891  2.530433  5.256691  6.908278  3.507379  6.401717  4.075519  5.359317  3.156299  5.292861  3.447822  5.151492  1.477252  6.628562  2.838204  0.650794  4.041225  3.528128  7.840289  0.417585  2.159345  4.689685  3.080776  0.020485
5.373624  5.730229  0.960269  3.839907  7.397389  3.933922  5.357091  7.239440  4.338651  3.025078  7.146874  7.772298  7.391224  2.496375  3.367269  6.629142  0.779963  1.186844  0.083681  5.322634  5.598086  3.218312  4.488501  5.643151  5.276045  0.062972  6.492867  7.209131  4.773048  3.428877  6.046562
6.474626  5.183829  3.814156  3.648182  1.845643  2.304875  4.994878  1.984316  1.595973  5.805849  3.375493  2.363023  6.562225  5.003537  7.044881  0.583426  2.136875  1.837177  2.545086  5.109863  7.867192  3.495633  1.773876  3.895547  6.006950  0.248394  1.106336  2.927268  6.656937  0.383976  3.734759
5.539242  6.669286  1.760849  2.390173  0.770762  2.279753  4.327584  1.022878  1.518864  1.471110  2.070455  2.683480  6.963800  7.359899  0.198338  6.759897  2.721665  0.437827  3.976261  1.889962  4.405075  3.288186  3.470547  7.283226  7.749380  6.436700  1.570071  4.849700  3.188434  4.285304  4.999668
5.447270  0.740527  3.616396  3.643340  0.723650  4.291632  7.944162  6.346444  7.442737  0.839687  1.028673  5.467609  5.849337  1.990196  4.157469  3.802701  3.540275  7.970000  4.338435  4.104720  1.473979  2.652618  0.336837  5.275048  3.164660  3.565137  6.528426  2.403075  7.771317  7.573170  6.829621
6.182747  2.705814  6.916999  2.504792  4.836173  1.548374  5.498542  0.439776  4.525985  6.472879  5.795376  2.509784  2.339684  3.048416  6.504594  5.958955  1.280813  7.197617  5.995844  5.247829  1.303308  3.256342  6.879455  5.614126  6.276988  2.493367  6.472125  5.631238  1.873670  5.112778  0.669206
4.337929  7.714982  5.675828  4.709170  2.051787  0.724501  6.043107  3.542428  4.768044  1.478397  3.351897  2.993217  2.084431  7.450351  7.207685  0.629836  7.881812  2.398040  6.182835  4.235077  3.529394  1.740090  0.879511  3.995266  5.172362  1.623912  5.227990  4.002878  1.698891  0.486445  1.355572
7.394257  2.272486  4.261352  0.275345  3.420548  3.854728  5.987815  2.808149  3.976482  3.932521  3.427596  4.565124  5.588258  1.703025  0.398634  5.482295  2.588278  4.258491  4.884990  4.312720  0.181100  6.852328  1.584505  5.645768  4.331517  4.116738  2.407123  5.437187  6.882221  0.141346  5.538378
6.697649  7.035088  7.611326  6.034108  5.901552  2.306697  7.742558  2.514016  6.841904  3.295210  7.540432  3.373284  6.071186  5.072369  6.947967  0.032981  0.732137  3.740857  3.737999  0.101572  3.496498  3.673905  6.543213  3.921425  2.493779  7.180520  4.206897  7.825739  0.526195  5.816333  0.676333
6.532901  3.529983  1.286576  0.949824  1.456833  7.157356  1.864301  1.127385  1.313467  4.517440  7.473495  2.404228  6.255016  7.528570  5.063303  2.885209  4.865320  6.998406  1.626155  6.387469  4.701060  4.462397  5.189133  3.937570  5.665223  3.975154  0.334494  7.458493  3.350763  2.463392  2.281811
2.180917  0.593956  2.913132  4.290770  6.602257  1.828510  7.577945  1.120226  6.356034  2.433063  4.559051  4.505658  1.143158  0.116255  4.522185  1.093763  3.915817  7.485126  6.980167  2.999457  6.793714  6.294159  1.484206  2.127140  6.731423  2.473832  2.231012  1.624630  5.744757  0.889139  3.006859
1.314727  1.543054  3.880064  7.053807  2.675958  4.703368  7.987578  5.357351  4.920582  2.061621  4.870291  3.018819  2.944525  4.784824  1.268442  6.789924  2.400461  1.627533  2.973482  7.510914  4.871817  7.164796  7.113061  3.107842  3.102057  3.332866  3.662808  2.968542  6.460152  4.398056  0.947819
4.930942  6.299699  2.513162  0.998385  5.781426  5.595725  5.309926  2.976000  3.075014  1.219785  6.515107  2.487293  6.253182  0.440485  7.366747  5.455055  2.449230  7.713182  2.646336  7.317138  1.035132  1.549118  0.431584  5.675514  6.877906  2.230852  3.213619  1.119392  5.437566  1.367381  7.811455
4.797821  7.252818  7.758944  2.555674  0.418778  7.024684  0.768020  4.502293  2.703323  3.422340  4.369621  2.976862  5.924926  7.899488  2.280554  2.537929  5.015671  4.223652  7.043845  4.488007  5.822580  1.084864  1.671139  3.349320  4.448879  0.064252  3.422394  7.260595  4.216577  0.407102  3.528794
7.040282  4.638297  0.459051  6.141350  5.700609  3.887869  5.288109  0.514214  6.485979  4.610739  6.929270  4.408310  3.048233  2.516829  7.852564  1.927438  0.160415  0.050029  1.669412  1.475567  5.409691  7.530088  7.756268  7.250610  3.599177  3.514196  2.388547  6.666516  4.127462  4.727161  2.141926