5.515055  7.998681  5.385059  0.348643  4.861901  3.569979  0.725162  4.235719  5.395076  5.860811  5.699780  3.759849  6.215411  0.246338  2.534821  1.377078  4.038409  6.567487  5.464562  6.942407  6.284174  3.281216  4.675098  6.530027  4.494825  4.376314  6.414779  0.226732  1.283751  6.636039  3.432985  4.968097  4.247611
4.617965  3.760181  0.901056  5.748551  5.760447  4.943773  5.420603  6.200669  0.314200  1.205803  3.942354  6.471327  6.336540  0.590132  6.636833  0.234464  2.774889  0.018287  3.765348  3.589638  7.705241  6.274733  2.921427  2.987067  2.080288  4.293870  1.395825  7.475536  1.881048  4.722657  4.047190  5.516547  7.354819
6.584271  1.474517  6.084724  7.061408  7.969834  6.951609  0.500960  6.738607  0.036746  5.497804  7.421442  4.536973  3.193771  2.623301  6.632186  0.963017  1.204551  1.701478  7.775316  1.908984  3.042812  7.584657  1.859864  2.436448  5.684065  1.993829  2.386438  7.520036  7.620188  7.376927  7.141672  5.746628  0.734824
2.344287  5.194917  7.004467  7.279096  5.453995  4.356213  1.485663  1.038710  1.033897  6.331148  2.864632  5.385066  4.891097  6.034736  3.304096  3.754564  3.173841  6.003062  3.979303  2.201868  0.314729  4.567963  4.100212  1.024438  5.898293  1.436589  5.950444  3.057195  3.459999  2.544264  3.250848  6.087778  0.637833
5.525602  5.194623  3.944385  7.761667  7.875427  0.789964  3.159756  6.879674  1.847579  3.685297  5.716436  7.385127  7.366275  0.441208  5.230008  1.820963  6.701237  3.252229  6.028538  4.103584  6.384381  1.410744  5.938050  4.321394  2.822394  6.344280  0.185413  1.427668  0.286135  0.846576  5.681580  5.561387  7.434298
2.161832  0.049669  3.393742  1.255401  6.870633  6.113962  0.812086  3.288678  7.065095  2.167452  5.417149  6.211031  0.089851  5.187107  2.723423  7.353778  6.164535  6.267632  6.616656  1.439466  7.492517  2.896017  6.536493  1.805599  4.999681  3.290768  3.016328  5.608692  6.636106  5.881243  7.626508  5.978622  2.212571
6.104113  3.031110  2.819796  4.032884  5.045497  5.782549  1.932257  0.122064  6.058905  4.642336  3.352359  1.639507  6.340681  4.630403  4.289254  4.105291  4.546190  3.669431  7.759956  7.356875  4.881571  0.604704  7.002346  3.692477  6.707430  0.544069  3.972003  7.446494  2.542411  5.876647  5.705362  2.281398  2.456150
6.992999  1.058196  4.769583  3.192671  7.643512  0.305058  4.377714  1.966865  0.035834  1.311802  4.755198  1.728215  0.186262  4.469932  7.267434  2.787550  4.704018  6.308048  1.003598  1.054121  4.101453  2.672245  6.027750  7.731883  0.887239  2.593855  6.431121  5.175423  5.113709  5.439531  6.782516  6.707536  7.713534
2.665173  1.862811  2.552008  2.875018  3.471821  5.108593  5.636743  4.869334  2.888157  3.979054  3.873916  2.157092  7.280840  0.499325  3.625405  0.265701  2.020454  0.522460  0.413316  4.843040  1.007428  7.791400  5.536982  3.457007  1.988819  6.671256  7.109374  7.124614  1.073436  4.461336  7.127419  2.218301  2.579346
2.485428  4.542299  0.311268  4.324339  2.697842  3.897354  1.687625  3.696535  1.331872  3.952781  7.657282  4.318828  5.156314  4.817870  3.479509  6.847466  5.194794  5.463108  7.613204  0.421618  5.301707  2.086020  4.175925  1.507311  4.777615  5.656177  3.907860  6.355737  3.246039  2.066396  6.600912  4.022447  0.302631
4.668672  0.867179  2.870527  1.986768  0.574983  7.285160  2.707424  4.914681  4.954657  4.376080  5.181631  6.952302  3.661543  5.526775  0.792022  2.595056  3.875817  2.889684  1.839187  5.760890  5.046786  1.454490  6.874656  2.491928  0.274625  4.900088  3.680509  3.099137  1.370580  0.499562  0.538382  5.573524  5.186652
3.264951  3.523482  3.626397  0.407442  3.682622  6.785752  5.510301  0.848300  2.804157  1.256932  5.811305  3.405565  5.121700  6.948763  3.692383  2.156189  1.570782  2.984220  7.606675  0.705631  4.167707  7.730151  4.288499  0.734458  2.202638  0.876307  2.869036  5.795658  1.573597  0.032294  5.252671  5.766222  3.760629
6.390542  5.429042  2.958135  7.103479  5.229949  3.184909  5.745444  6.460168  3.511423  3.719012  5.665686  7.987913  0.543096  7.952162  5.305459  7.701925  2.669578  6.863853  0.881529  1.631652  5.166126  0.975769  5.280418  1.808122  1.995228  1.141603  4.420958  5.980074  2.809624  5.091668  4.155888  5.870663  0.562357
5.719864  6.530121  2.950556  2.311010  3.889601  5.064860  0.117317  2.279869  2.574354  4.838327  4.335039  3.970263  2.437586  6.485417  1.202227  7.085961  5.495844  3.840140  7.580035  1.267005  3.297878  4.796319  0.826974  4.101970  7.091721  6.063508  2.850322  5.615176  1.740698  6.846739  0.098472  7.401942  0.688434
6.080177  2.782587  3.811557  2.061953  4.696417  4.029916  1.054170  4.041060  0.514641  4.335255  7.834395  2.911220  2.682468  2.591054  6.090969  5.756260  5.207873  2.140759  6.648374  5.536229  4.969103  6.714024  4.062901  5.334857  0.692102  6.766508  7.672175  4.850099  1.736511  1.661008  5.833746  7.740295  1.132859
7.290786  5.564901  5.227584  2.165149  2.159948  4.272425  3.399224  3.894574  3.599855  5.987581  0.936564  4.371696  3.714583  7.498164  6.540468  2.885947  3.812488  1.996036  7.111047  2.452909  2.495053  7.335115  2.778623  2.841358  4.238196  2.721337  5.171923  4.793649  2.215316  3.632712  2.848527  5.694565  3.275406
7.994106  4.601718  7.795313  0.403632  7.107990  1.396865  6.200934  6.655817  0.568924  0.979612  7.180923  4.472367  1.366134  1.737151  3.964453  7.441204  5.605081  4.182947  3.033129  1.993357  6.755497  5.474338  1.025783  6.178914  5.059923  0.661498  4.721371  3.585097  6.713340  3.905308  4.167597  2.622302  0.651051
3.690750  3.874454  6.817985  3.258546  2.101494  5.093446  4.422357  1.043612  3.510420  5.554777  3.543897  6.287558  4.579871  1.636420  4.196774  6.918943  7.254491  1.790476  3.056313  3.329788  5.468589  5.153838  6.382710  5.580809  0.578995  5.621728  5.487271  6.418749  4.073475  5.264224  3.279490  4.755492  0.893802
1.817467  5.847382  2.735157  4.751667  1.082817  1.687498  1.241972  6.104662  0.418748  7.115163  5.678262  1.998631  2.111874  3.549509  6.068464  4.771755  5.265042  6.781936  5.021644  1.654798  7.941995  6.000722  1.811542  7.590986  7.659669  3.258541  0.809741  3.138088  1.920745  0.233719  5.734124  6.104291  5.330658
6.550121  3.651337  5.608559  3.944803  6.584630  6.398539  6.545199  0.843258  7.605220  6.066286  6.971440  5.531903  1.246730  7.410958  0.725889  7.620364  6.745446  3.541700  6.624780  4.328804  0.017733  5.953408  1.872008  5.727100  3.581952  1.953861  0.857993  5.211551  6.487021  7.759644  3.311491  7.575809  4.824984
6.012108  1.807519  1.134263  6.069072  6.191115  7.923636  3.707716  4.392747  1.380948  0.875872  4.882716  5.289326  7.069273  6.254678  0.807486  4.225830  1.136631  7.520308  4.888954  5.728739  6.920491  7.206126  6.106950  2.213457  5.214461  0.317384  0.263188  4.033283  2.289817  3.202092  6.334240  3.637801  3.503066
5.209634  0.199230  7.394639  5.779831  1.741887  7.364586  2.542609  3.241900  5.840630  2.909711  7.908322  6.470852  1.244109  2.729018  1.432400  7.378218  0.884675  3.247335  5.215511  6.378736  7.088495  5.137233  3.708478  0.539763  5.277366  0.168419  0.834808  2.606529  1.761766  5.170870  3.248011  1.279439  2.253292
1.194968  1.590196  2.846212  1.013739  3.303447  5.532424  1.248199  7.097111  7.031531  7.541435  3.886795  1.929930  7.403203  4.731362  5.952406  5.514256  1.493100  1.823153  0.785013  6.826922  1.875109  3.148468  1.751921  3.527515  5.900286  1.798871  0.354862  4.876727  0.598281  1.435225  3.755157  3.805745  3.098036
0.936229  6.632239  3.366411  1.815055  1.979122  5.267362  5.330964  2.254133  0.809644  3.970927  2.499213  1.127977  5.872374  3.448371  5.310071  5.593730  6.636671  5.426178  1.643431  4.760947  1.867473  5.836083  0.237444  0.226172  5.754291  4.082146  6.935297  3.240778  3.725789  4.391907  1.014671  4.220350  6.441402
2.979409  4.142119  3.655407  2.365507  1.724433  7.033654  6.084843  0.493746  5.298852  6.691918  4.645032  5.215111  0.147579  6.129345  6.809094  2.957530  0.458138  2.775821  0.282389  1.178696  2.229454  5.308364  7.621866  4.427985  7.777027  3.429464  4.998455  3.619346  1.488198  3.159738  4.623249  1.319122  1.367801
3.499639  5.709805  5.766822  7.891043  0.854028  5.446428  7.510921  5.907023  5.402452  5.303879  4.955824  2.812849  6.637077  5.105512  0.780219  6.944907  1.579233  3.638408  6.101061  0.110358  6.724645  4.185625  7.421538  1.408530  5.556448  4.211256  4.815399  7.968427  5.504162  2.531551  2.464102  3.955136  7.515867
0.656914  0.577311  0.174476  7.949871  7.591150  0.891295  2.831800  4.281238  3.225910  4.353907  7.477418  3.157595  2.569819  5.268814  4.897679  7.627710  7.403378  7.085771  1.687302  1.905381  5.552234  5.187759  7.465116  0.820260  0.823037  5.439871  7.171935  7.146274  0.747622  1.928921  0.615840  7.287383  2.632827
7.236777  4.406726  6.339476  5.014832  1.754503  1.648514  5.336270  3.468460  4.958456  0.234000  4.526123  6.823427  3.233538  5.313880  0.815759  4.191129  3.742875  1.488035  7.055951  4.807069  6.007248  7.493752  3.633271  1.545628  0.271673  6.642076  6.871082  7.065434  6.400589  5.980109  0.032013  2.895128  2.957154
4.133566  1.253200  6.370921  3.286251  4.010531  6.534681  2.188871  1.834835  0.023852  0.940342  4.436385  7.607328  4.216236  5.459917  3.319015  6.567826  3.648616  4.519582  0.400163  2.964954  6.638966  3.917765  3.022898  0.969262  5.915275  1.001832  4.684631  6.677108  2.472965  4.190393  7.486956  0.449058  2.903604
1.485030  5.384550  6.714874  5.188310  3.404302  6.808553  0.791234  7.425834  6.811953  0.341444  7.922393  2.691837  6.400308  1.471972  0.668048  1.202472  4.128912  2.060264  6.926744  4.181918  5.707512  0.994814  2.297202  6.310092  7.251569  4.624587  5.144033  5.353328  4.527529  4.901062  0.648359  0.557350  5.744144
7.766599  3.287908  1.608472  0.635227  2.177048  5.605235  3.445472  1.618239  3.248120  2.786777  4.931195  3.102212  3.366584  7.489496  5.369461  2.557551  6.708902  1.515960  6.079452  3.749320  1.461507  6.352732  6.716285  2.574705  4.138473  5.251040  1.753069  3.234362  7.743878  3.442739  3.516278  7.006475  4.127761
6.248643  0.392855  1.681374  6.736090  7.250373  6.304020  0.753628  5.056754  2.360924  2.267307  1.757622  4.415145  4.543220  4.844936  0.671644  0.374446  4.089984  7.503168  2.104607  1.847332  0.792326  1.383871  7.018575  3.127317  2.988483  3.716080  1.029329  0.399574  4.398254  5.071886  6.866273  0.892599  4.812692
6.897585  0.362048  2.683670  7.122700  2.227525  0.381255  2.272577  0.834240  7.214723  1.386808  7.389718  7.131923  7.088807  6.881436  2.106172  0.716798  1.378480  2.750957  6.164932  3.058252  3.712192  1.575004  6.554069  4.363958  7.237331  4.259925  0.694124  1.485899  7.674762  7.887667  5.213616  0.144549  6.252129