6.322091  1.403690  7.760590  3.732163  4.611529  5.395129  1.843108  0.128630  1.798165  7.693213  2.335152  3.690837  6.349563  0.023099  6.203481  1.241276  3.558596  4.910855  3.582094  3.401969  0.951726  0.261458  5.627799  7.186182  2.712282  4.889828  4.230246  6.750831  4.323075  0.586203  7.737820  2.379134
6.859255  6.086218  6.712302  0.177188  3.838888  1.355103  2.826836  0.632136  4.265280  6.884501  2.373235  7.093730  7.471650  4.239438  5.446267  1.405092  6.605301  4.882069  0.724119  1.322575  0.065021  2.337868  3.865772  5.028688  1.931986  2.059002  6.897613  1.956083  3.411020  5.878681  0.563163  6.304706
3.525616  5.739355  7.461351  2.048239  6.786686  2.416671  0.900344  7.890040  6.281579  1.250188  2.745496  1.542859  0.606460  0.430888  1.141538  0.870643  0.291704  2.184605  5.840704  0.844846  3.846537  3.229531  4.970046  5.931670  1.275693  6.175051  2.422745  5.440782  1.897446  2.068201  3.659799  6.530067
3.518910  6.083102  3.560037  5.975073  1.501099  7.387804  1.057937  7.475843  2.972755  0.512021  5.660341  4.187912  3.428563  3.078312  6.534675  6.328288  0.173893  5.548307  1.712864  5.121317  7.554805  6.674670  1.056708  3.013383  6.638583  7.638510  5.982019  1.999471  6.986663  4.391072  3.540398  7.068650
0.388346  7.507535  0.309104  6.189646  1.900280  3.899868  6.640997  3.921691  2.263236  3.024714  0.178135  0.649926  1.744274  1.761355  1.134151  3.608676  6.678963  0.923874  0.702087  1.270008  2.464869  0.410685  6.045951  1.339011  6.484102  5.283660  4.685802  4.511317  7.409257  3.608167  7.687752  1.312459
1.573665  4.674365  0.921802  1.752683  2.563426  1.259188  0.752043  1.194945  2.915252  5.877507  2.875263  2.747840  6.780715  4.510011  6.625594  4.659306  5.644068  4.084421  3.914400  4.600988  7.657343  2.025714  2.076137  3.397227  2.883027  5.480093  3.242516  4.666674  3.711152  6.356493  5.468838  0.008629
1.944205  4.118504  2.687949  5.780236  7.519835  1.298606  1.668799  1.174736  6.567892  0.995732  4.508195  4.225064  2.474879  3.156188  4.785849  0.521092  2.855494  3.227047  2.364430  0.842934  7.807476  2.810197  7.917865  4.576764  4.552527  7.234269  7.622696  5.693648  0.542673  5.500746  3.048885  5.235995
7.337962  3.849627  3.137995  0.670247  5.037975  3.229049  0.258251  4.128534  7.776172  5.242372  6.677549  2.476040  6.762687  4.685261  1.397039  4.304925  4.587714  7.574392  4.139464  2.369696  4.974216  1.608437  5.388024  6.642969  5.895226  5.291084  2.723055  1.084657  0.947606  0.484875  4.305428  2.381645
4.100654  6.953731  0.207082  7.329115  0.414538  2.491087  3.390710  3.188707  2.050091  4.519624  4.492151  6.272802  6.868057  0.587644  4.160631  0.168236  0.142455  1.976201  7.563517  2.426857  0.389270  0.670161  3.763863  1.214371  0.038267  3.235431  4.030548  3.322994  2.652265  3.683648  1.742379  2.117491
2.624780  5.194701  2.399111  4.398250  2.763511  7.606497  7.353878  4.829084  3.893700  3.870465  3.233100  5.491543  0.591964  2.210349  2.611495  6.291557  2.387756  7.510891  0.361388  3.358299  2.246167  3.502088  2.197053  3.239239  1.872374  4.593759  7.286433  2.609389  4.354553  0.754210  1.404084  4.376827
2.888688  4.615872  0.950798  1.480644  5.805233  3.029827  5.266907  3.341517  2.844160  7.580212  5.017826  6.839174  7.601503  6.108548  6.031970  3.855084  2.297036  0.087106  0.822728  6.832763  3.489323  6.719486  2.127744  6.472150  1.090911  5.935642  4.150332  7.588575  6.013019  0.987650  1.789388  4.330892
1.995632  5.141591  7.995744  2.367428  2.655459  1.999957  4.494464  5.312444  1.510807  1.278083  5.464159  7.579885  2.718948  1.397134  3.365923  4.015240  5.488152  7.045284  4.966100  6.070411  1.603099  1.897737  5.698633  4.950545  5.228950  7.975334  7.864296  0.075844  3.135931  1.660559  6.765697  0.365434
3.712838  6.178778  0.728489  2.264437  2.614425  5.391662  6.060793  0.099454  7.614212  0.038761  0.354388  3.261715  3.210819  3.102287  5.132812  4.881238  6.762465  5.759221  7.703042  4.069392  4.400869  3.423898  0.169026  0.471298  4.702329  4.673339  0.916866  3.783616  7.070328  2.386596  0.483038  4.057270
6.010565  6.218492  3.568583  3.018773  1.955905  2.567173  2.063774  4.307845  4.025248  2.483958  2.299322  5.443104  6.076944  7.513037  7.341753  6.491642  6.643898  0.237627  2.002130  1.832399  5.814076  6.348266  0.328897  4.067274  3.846719  6.337967  4.707137  3.047999  3.291089  5.468048  4.288128  4.150853
6.601169  4.437490  4.324644  6.345364  4.716280  6.227742  7.088992  4.267190  0.804146  2.883975  3.402356  5.419466  7.339520  5.532819  5.405575  3.790932  5.918004  3.725697  4.053037  4.593238  3.681301  2.235939  4.912954  7.483893  5.956680  0.726901  7.208818  7.555348  7.689994  2.247396  7.638428  4.534829
2.478164  4.299791  0.358419  1.053530  5.483594  1.265203  3.623793  4.507896  1.239564  5.259268  3.923530  3.949743  7.332174  6.031046  2.054889  5.606061  2.171023  7.306666  0.430602  6.043385  3.537320  5.018377  3.014698  4.655692  0.324730  4.148757  4.634296  7.068834  4.864786  1.458872  5.016213  0.218602
7.455283  3.158240  6.748850  0.273545  6.186623  7.613534  1.471351  6.237772  1.887645  7.482003  2.943594  2.982972  1.989029  5.194665  1.252149  7.623025  4.328949  6.503378  1.258886  6.558551  0.402171  6.844967  6.500491  7.182890  7.280404  2.564647  5.098701  0.155003  0.408233  3.580026  2.842629  3.308898
7.705545  7.856067  2.456136  0.683199  2.883933  1.100422  3.164730  3.818584  2.611081  3.377630  7.028071  7.384848  0.133765  5.879719  4.105710  7.363421  1.196591  5.879841  7.375239  1.425244  2.570214  7.934586  4.423613  5.807944  5.229318  6.689744  2.283963  0.910336  3.197191  1.183288  4.391760  6.986325
7.300315  4.328452  6.485793  7.734358  6.552942  4.298822  3.380942  7.242626  2.618177  2.826433  0.891316  4.664282  2.768681  6.962914  6.783898  5.161009  3.996633  1.642797  3.494361  3.067332  1.399194  0.427159  7.438328  5.892122  3.692230  5.094840  7.102878  7.687818  1.681667  5.287529  4.704686  7.481937
3.748364  1.204088  4.052719  6.879532  1.878986  3.378522  6.355015  2.609276  6.501910  5.865103  0.060582  2.699970  0.363756  2.693177  0.429065  7.138278  2.908702  6.243280  1.372363  1.272605  7.099303  2.235226  6.213942  0.892055  6.344104  7.307911  1.363172  5.823493  6.173883  1.709624  3.503549  4.053797
5.534936  3.406742  2.745255  0.798433  4.044380  2.957706  5.294055  2.601561  0.278996  2.788294  1.540081  5.466948  4.145718  0.043221  5.071658  6.183003  5.608424  2.978181  4.970832  5.419337  6.522242  4.895505  3.848873  3.836304  0.053170  0.915680  5.431559  4.363033  5.137332  5.416015  4.105614  0.963537
3.660808  3.756817  2.689249  0.624537  5.517481  2.954512  3.791304  2.962718  1.428948  0.250189  0.475047  6.763163  7.387098  6.061108  1.544276  4.924814  5.806491  6.591806  1.620891  0.702851  2.950289  3.420448  2.284706  0.801926  1.919991  6.665180  3.897808  2.788298  3.475850  4.874272  6.337332  3.452921
1.181353  0.572916  0.712117  3.171652  4.841746  1.438601  7.240207  4.972760  6.933141  1.366058  0.815798  1.936027  4.695297  1.221808  1.395737  0.711754  1.787724  5.877446  3.187265  2.362076  1.885351  4.149813  6.720261  2.391029  4.316521  7.565314  1.238801  7.743895  6.822672  4.404658  1.448403  7.720413
4.745602  1.273404  4.506905  2.160475  5.424802  7.482716  0.248472  7.925034  7.313876  3.813828  3.981799  1.608985  5.301648  2.778767  6.805138  4.586843  0.950129  4.278931  1.232340  7.906118  6.838036  2.602218  0.025651  1.207339  1.925170  7.988418  7.482601  3.763747  7.829494  4.531691  1.025837  0.897730
2.135307  3.977972  0.796356  1.445155  0.327504  0.014242  6.052135  3.602787  2.673436  7.935637  7.525723  7.408078  0.350480  2.115463  4.495918  6.264640  2.343970  6.492201  4.180226  7.340814  1.116712  3.326708  7.156348  3.332765  4.777866  6.771825  1.872510  5.997651  6.455540  0.335702  3.908016  3.026413
5.804004  5.109195  5.496964  6.239860  7.052998  0.666774  3.929619  4.755727  4.733159  2.839404  5.797516  5.688499  4.188177  0.096974  1.649920  5.107806  5.210821  7.066860  4.480823  3.395298  3.616569  1.754317  1.567244  5.803956  5.295117  4.319429  2.531132  2.937842  0.256622  5.804405  5.098760  7.034385
2.416075  0.994100  3.883047  0.345333  0.335782  4.631676  0.615800  3.576585  0.872490  2.500386  0.608458  3.261165  1.652244  4.421539  7.821454  3.103666  3.522636  5.007745  3.773878  1.748567  6.608681  0.049630  5.626712  0.088865  3.325074  3.703242  2.124437  5.145554  0.674203  0.184453  6.681387  0.712513
0.385810  7.465724  4.750800  5.375460  6.930774  1.509644  7.716067  4.177680  0.168051  3.862743  5.895226  1.119271  1.360365  4.972118  2.851360  7.840773  6.520807  4.376487  0.053051  3.256036  3.529071  0.962346  1.030674  1.563315  1.182592  5.764962  1.525826  7.977587  3.324456  4.333006  6.732774  6.691174
7.416469  1.464680  0.582365  5.983831  2.402367  6.162269  5.120385  1.067477  1.432698  2.941100  6.383956  2.164858  2.999471  7.167958  2.781071  5.485467  5.255230  0.893071  0.829979  6.176107  2.767771  3.678838  1.216655  0.987557  0.688296  6.217532  5.480185  4.312861  0.287334  7.069288  6.237423  4.416816
2.039347  0.640718  1.709886  5.090300  1.913497  3.563600  2.417360  7.627154  3.254588  4.922110  6.254305  4.935371  6.614801  3.316152  7.766673  7.758443  5.123364  2.537400  6.298334  2.396729  3.457887  1.673719  5.777855  5.982835  2.207641  2.746706  4.267957  7.278990  2.395624  5.526153  2.001522  6.128518
3.152835  0.954286  0.479579  1.107550  1.014704  7.651704  6.308296  6.587162  0.036238  4.266016  7.803514  7.330227  7.898959  1.963206  7.992970  4.911307  4.409295  4.150860  2.497889  7.661961  5.264658  6.561403  4.877202  4.507949  5.689972  4.112606  5.369200  2.978833  7.524018  7.501647  5.567005  6.834557
5.561481  4.278095  1.415790  7.167655  6.433193  2.180232  6.021265  6.503788  4.033591  6.808213  0.110473  4.337373  3.480984  3.246597  7.587544  0.703144  6.822801  4.037878  4.478578  5.798531  4.174521  1.947668  1.661422  2.335814  5.707594  1.251290  3.127649  1.217064  2.878167  3.810570  0.125620  0.288965