6.463503  4.138098  2.267343  6.235888  4.284524  3.419770  6.901653  1.508602  5.939881  1.086204  0.076531  1.614605  2.492830  5.888322  3.151550  4.923679  4.183685  2.179298  2.605141  0.038971  0.031868  4.857658  4.878867  1.301935  2.004267  3.559368  3.808169  7.223642  7.956225  3.885309  3.334156  2.898367  1.340506  7.302065
4.605075  4.931923  4.718675  6.455530  4.240179  6.143777  6.398356  4.988398  7.442750  5.278539  5.058953  4.554167  3.813115  0.188995  2.017400  4.571836  1.126544  1.429382  2.824657  4.367062  3.004978  2.924213  1.172657  6.697074  2.325621  3.354478  4.630523  0.258240  3.373461  6.129647  7.517899  6.626705  6.158869  5.290427
5.262337  2.184128  1.985480  1.413818  4.876711  3.932055  4.267629  5.568567  5.731718  7.700071  4.760656  4.595662  7.587565  4.104425  6.781498  1.465108  0.888034  3.715364  7.660992  6.186750  7.609141  6.243000  6.583439  3.729496  1.493701  5.153090  1.132984  1.629852  0.292158  4.975659  2.280463  5.447235  5.669101  3.670977
7.208432  0.950095  0.723952  4.768951  6.286125  1.893449  4.613384  5.599552  0.670189  7.474976  4.552063  6.783482  6.421085  0.033405  5.507406  4.253818  7.689098  5.279465  1.193076  2.430956  3.437992  6.326260  0.505031  5.774729  5.338376  5.012459  5.332962  1.789135  0.876927  7.488288  4.719075  5.656689  7.391683  7.760839
2.625175  7.030948  1.657663  0.871819  0.108123  7.117346  3.811144  4.607363  3.492757  3.024023  3.814999  5.116161  0.170475  6.465911  7.331544  3.538666  0.940689  7.256870  5.783402  7.726735  4.351472  0.626273  6.546985  5.359606  6.284749  7.247973  1.637218  0.238691  5.070451  1.971140  2.906218  4.270205  2.703130  7.594053
4.692700  5.621240  4.273578  7.623467  7.022926  2.761437  2.517054  2.813729  3.878105  4.578966  6.418811  0.381426  7.707193  0.486120  4.106640  6.142845  7.278102  5.406350  4.799242  4.423152  1.124418  6.761150  6.368284  2.437708  1.258749  0.051780  4.111065  4.947532  1.487921  0.357333  0.619781  7.342483  7.579288  7.047271
4.172428  6.907271  4.691483  2.233064  5.859465  0.877002  6.897003  3.960166  7.699408  5.990500  6.288088  4.868110  7.285589  1.601227  3.071401  2.023058  5.045373  7.007167  1.221101  7.853733  3.982216  5.512629  0.673948  5.598181  2.809961  2.836460  6.714135  3.395414  5.677869  3.832728  6.109632  1.132526  5.223949  5.091522
7.725861  5.384426  4.483170  7.839035  4.756590  2.259933  3.216250  3.657696  6.376017  1.694499  5.513750  2.898663  4.530046  3.706402  4.069276  6.260553  6.748844  7.359841  2.304648  3.859845  6.276821  2.654874  0.568951  7.219964  0.480229  6.290751  0.922476  1.957609  3.406661  0.225740  4.555580  0.546446  4.534773  3.183081
6.681581  3.389868  3.166622  1.729322  7.781869  2.536054  4.579069  1.277793  1.370462  1.720167  7.964782  4.346574  6.984306  3.020047  3.357402  3.626870  4.894689  0.263345  1.149516  2.894255  0.074180  6.425603  7.476157  1.521820  5.242586  2.610346  7.650581  6.330829  6.354480  5.803802  4.003158  3.741028  6.679901  3.448454
5.888277  3.659336  5.668914  6.981162  4.288203  2.272204  0.079746  5.833181  5.356921  3.883480  5.389319  5.990946  2.411037  4.166187  5.294029  5.068062  6.288883  4.673200  6.147690  0.940510  1.663023  5.178333  1.472649  1.348618  7.805444  2.395955  7.219094  1.470940  0.468744  6.853766  3.236691  1.326723  0.960719  6.169986
2.461708  0.965216  7.153808  4.712712  6.611870  2.751636  5.084896  4.595800  7.720240  6.661167  2.965085  5.192191  2.628488  6.343936  7.833038  3.822124  2.598978  0.825458  6.749640  3.000303  2.494142  5.058626  7.345709  1.602584  7.510716  4.144865  4.698610  4.539362  4.245428  6.893641  4.927659  3.999360  6.907813  6.491082
6.562264  1.054126  0.784911  5.400017  6.650830  1.390056  7.601622  4.215317  3.742510  5.161378  3.209592  6.049974  6.287927  6.434048  3.076560  1.128920  6.669097  2.417102  7.337131  2.619154  3.982803  2.654555  0.705051  0.326297  4.865752  7.577507  1.336071  7.739271  5.063916  6.292677  6.769592  0.006356  7.112507  1.210149
2.366317  3.777424  1.407096  6.089666  2.198209  0.448749  1.110476  4.311403  0.136125  2.198316  3.753885  3.653658  7.919537  7.301135  2.055318  6.586528  7.281837  1.565634  3.391685  3.067135  4.743774  2.333738  1.525639  2.048583  2.476621  4.338844  7.601982  0.391356  2.675772  6.817433  6.092590  3.592439  2.174469  6.621636
7.282880  1.724015  4.566502  4.681628  5.056904  6.200141  2.895697  5.018294  1.152201  4.466370  3.009152  6.608167  4.719626  6.433865  1.960194  2.754207  2.937408  6.456088  7.386097  2.217531  4.592783  3.872724  2.574688  7.216810  7.958585  5.622073  3.973005  5.503564  0.956246  0.149671  7.180247  5.073172  1.510742  2.817511
2.006316  0.672991  1.167033  5.244751  4.966303  7.120496  5.451681  6.487389  0.620358  5.545969  2.127304  6.690947  1.457415  1.025785  1.401681  7.826734  1.560332  7.673924  0.317296  3.348880  4.079046  4.110912  2.961247  1.085830  2.577433  2.330919  6.799452  7.406602  7.608587  2.339353  7.353180  5.678651  4.412346  3.534811
2.599989  0.260737  1.417890  3.660830  6.895207  0.750776  2.273375  5.254446  3.874160  5.935217  6.413552  3.870115  2.709432  4.863013  6.715448  7.959132  0.261453  7.693877  7.581202  1.136238  5.074853  7.447012  4.826247  3.666652  3.836986  3.503131  2.040048  5.358366  6.829194  4.689084  6.625728  6.646060  0.065341  2.001012
0.513917  6.504585  6.226303  2.498507  3.585258  2.931516  2.163089  2.628795  6.125060  4.089839  5.655371  3.216547  4.172638  5.803399  4.276260  5.581479  4.416957  1.949290  2.628207  2.722452  1.329254  6.392962  6.878998  3.233362  0.512371  2.463327  7.440844  2.592668  0.785603  2.566771  1.799666  2.694961  5.312914  4.390492
3.915698  3.969537  1.121454  3.247174  6.280632  3.157536  2.646359  2.464562  3.630552  7.795701  2.476882  3.325061  5.478007  5.681456  3.267965  4.912047  2.040601  0.070492  2.820435  6.321156  0.807565  7.084666  5.622046  7.046342  6.899818  6.784543  6.680679  5.952100  3.543112  3.587500  5.270052  5.094789  7.387885  1.188863
1.247369  7.757554  7.073544  7.870094  4.891397  0.414907  2.348935  0.054647  0.748505  5.944609  5.224839  5.198639  2.763300  2.256023  0.048371  7.580049  6.009510  0.605711  6.053257  0.276747  3.625870  7.222568  7.853991  3.600181  0.100791  6.466387  0.515962  4.478145  1.838698  7.595283  0.247685  6.756585  6.979930  6.318991
7.425351  7.116985  0.735212  2.666583  7.573950  5.282429  2.034746  4.298751  6.093316  0.411989  6.081017  5.246332  5.931464  6.059673  1.433501  0.158336  2.071699  1.800698  5.542511  5.494281  2.613986  6.604458  3.188469  3.697223  1.395191  3.260065  4.071985  0.235413  1.506812  0.636969  6.839142  2.502085  6.732917  3.289650
3.115493  5.914445  6.845057  1.892020  4.661314  6.154474  6.854972  7.213656  5.549714  7.345751  1.740000  0.826612  7.308293  4.062036  4.820134  3.458072  2.254072  4.414933  7.879741  2.880712  0.790495  4.069509  4.291034  5.459155  2.224368  0.888308  6.810430  2.947510  5.699660  1.005761  3.383005  2.859514  2.134147  5.486558
1.204311  0.709388  3.583954  6.323108  7.452882  3.648041  1.250093  5.378781  0.520832  3.495873  1.380196  7.985172  2.233985  6.899936  1.607653  2.253215  5.467069  5.319809  2.809467  3.759518  6.723547  3.773091  7.353187  3.120857  3.663723  4.747995  1.642342  5.071333  7.228839  2.417055  7.158857  4.008257  6.922924  6.262558
1.740009  6.574387  7.978224  2.450860  5.616526  6.695712  2.544111  7.769288  6.777510  6.595527  3.703416  6.665939  3.516911  6.657124  5.034221  2.909198  4.555364  5.608960  1.599169  7.610394  4.920236  4.357766  4.658450  4.829564  4.805819  7.896568  6.066664  0.710858  2.924646  6.066214  3.227825  4.070676  7.399984  5.550513
1.646838  5.588207  2.038617  6.336682  1.529846  7.224571  3.862084  5.974367  3.549897  7.223372  1.063624  2.318020  4.808447  1.021984  5.097105  6.039044  7.187283  2.629496  6.393317  4.045622  2.699512  0.503774  2.238052  2.049746  6.112315  4.686685  3.635439  6.872497  2.028226  5.933068  1.519104  6.680214  1.775791  0.795616
1.462759  6.195743  0.874472  7.104387  4.080884  6.030502  2.502767  2.006233  7.599257  0.634693  2.312560  7.705983  3.614114  7.964537  3.096781  0.277798  6.847809  3.816956  0.231515  4.391659  4.747898  6.883722  2.477773  5.526534  5.065627  6.928630  7.642183  1.218305  3.088882  4.092815  6.759941  0.117121  4.993705  4.184921
7.877404  6.105407  5.817549  0.914349  7.175791  2.454285  5.846518  3.377423  7.091500  5.972785  5.747882  3.707833  4.252626  1.330735  0.568226  1.654305  0.465328  7.212797  7.756670  1.949992  7.647732  4.687703  2.661628  4.689662  2.523159  6.153264  0.488677  2.532293  7.048497  0.444325  0.496123  1.398278  5.967608  4.167378
0.243956  5.431997  7.543730  5.052124  3.000926  0.352041  7.438892  0.086822  7.953529  7.913008  0.872415  1.430838  6.649784  4.054273  0.604651  6.574367  2.149703  6.412753  1.956158  1.941849  3.643452  7.228227  6.986584  3.112193  4.837261  7.271341  2.121582  2.055453  1.196165  3.275979  0.930156  4.262180  3.171787  3.459266
4.418898  0.368237  7.832369  1.063996  3.123613  7.854422  7.851366  4.459890  4.442937  6.626797  0.599959  0.191599  3.072572  5.760216  3.127911  0.462965  6.062855  1.414055  1.106259  2.898603  4.936422  1.905771  1.344375  0.025433  3.466795  5.154423  6.283023  6.768349  5.132796  0.182890  0.904084  2.355772  6.927728  0.094068
1.786672  4.382413  0.116354  6.912879  0.578459  7.378115  7.696742  2.912523  7.940051  2.083212  4.738135  6.519919  1.059357  0.732415  3.430024  3.621890  6.121926  7.783370  7.591729  7.070171  6.662298  4.866886  7.555777  0.409904  3.510496  5.499938  7.752507  6.332848  2.086815  1.378989  7.987331  2.083077  0.087154  2.204160
7.316177  3.019513  1.140189  3.761194  2.588701  7.766208  7.806748  6.752298  4.142899  3.857843  2.330808  1.707778  0.798829  7.514473  1.840605  3.444512  7.213218  3.156124  0.237407  4.138919  2.820767  1.494380  5.798552  4.933585  3.002068  1.514714  3.560439  2.098311  1.782062  5.389806  2.836193  1.117905  3.277087  4.340730
4.761818  2.680572  0.272566  3.689393  6.553688  0.392363  2.727500  6.822207  0.199301  7.144683  2.665955  6.511534  3.592292  1.413401  4.829821  6.017979  1.661739  0.369721  2.631172  7.623213  1.834889  7.534476  4.356615  2.719533  6.211464  4.809114  3.240080  3.308939  4.116789  6.068184  0.934585  5.741089  5.240050  6.099693
5.077536  1.746026  1.353020  4.531293  0.058218  5.294150  3.643708  7.481770  3.760175  2.542476  0.988382  2.028935  7.965252  4.102768  6.024554  0.186507  0.270124  0.093704  4.676498  7.934212  4.780208  4.915798  0.824012  6.946820  5.509912  2.414365  3.094126  6.019459  2.332236  7.072361  7.294590  5.788064  6.484817  3.101527
1.796968  4.195416  7.053533  2.776785  4.216291  7.254757  7.518911  6.085440  6.023237  0.014563  6.364570  5.739267  1.263896  0.229587  5.911044  4.824155  6.351226  6.094868  2.952392  2.838513  3.931381  3.500958  3.437014  3.598241  1.117135  1.620184  3.348233  1.462592  0.919714  6.235312  5.104186  2.561848  5.499393  6.073569
5.210693  3.184269  0.894275  6.510501  6.564796  6.206365  7.175746  1.359760  5.720737  0.427059  3.518159  7.066425  5.594206  4.892934  6.459338  6.473056  7.494757  6.778253  7.667608  5.429227  3.040337  1.110055  0.820053  2.866864  0.421952  5.605167  1.735823  1.565252  0.650553  2.112537  7.697354  2.681156  3.832273  7.630863